company;name;avg_review;num_review;price;food_advice;country;region;wine_type;year;light_struct;dry_sweet;flat_acidic;notes
Podernuovo a Palazzone;Sotirio ;4.3;75;32.9;Beef / Lamb / Veal;Italy;Tuscany;Merlot;2011;56;45;4;wood/herbaceous/black berries
Gaja;Pieve Santa Restituta Sugarille Brunello di Montalcino ;4.3;27;179.0;Beef / Lamb / Game (deer, chamois);Italy;Brunello di Montalcino;Sangiovese;2016;53;59;11;wood/herbaceous/red fruits
Le Macchiole;Paleo ;4.5;301;109.0;Beef / Lamb / Veal;Italy;Tuscany;Cabernet Franc;2017;58;49;14;wood/black berries/herbaceous
Tenuta San Guido;Sassicaia ;4.6;2174;569.25;Beef / Pasta / Lamb;Italy;Bolgheri Sassicaia;Miscela;2000;62;64;10;wood/black berries/herbaceous
Elio Altare;Cerretta Barolo Riserva (Vigna Bricco) ;4.4;153;161.0;Beef / Pasta / Lamb;Italy;Barolo;Nebbiolo;2013;63;83;7;herbaceous/wood/red fruits
Ciacci Piccolomini d'Aragona;Brunello di Montalcino Riserva Pianrosso Santa Caterina d'Oro ;4.5;214;152.0;Beef / Lamb / Game (deer, chamois);Italy;Brunello di Montalcino;Sangiovese;2012;56;58;9;wood/herbaceous/red fruits
Canalicchio di Sopra;Brunello di Montalcino ;4.4;398;52.0;Beef / Lamb / Game (deer, chamois);Italy;Brunello di Montalcino;Sangiovese;2015;48;58;9;herbaceous/wood/red fruits
Dezi;Regina del Bosco ;4.3;55;35.0;Beef / Pasta / Veal;Italy;Marche;Montepulciano;2016;62;42;4;wood/spezie/black berries
Ernesto Ruffo;Campogadis Valpolicella Superiore ;4.4;113;49.9;Beef / Pasta / Veal;Italy;Valpolicella;Miscela;2014;62;39;20;wood/black berries/herbaceous
Podere Forte;Guardiavigna ;4.6;53;174.99;Beef / Lamb / Veal;Italy;Tuscany;Miscela;2016;54;37;19;black berries/wood/herbaceous
Castellare;Toscana I Sodi di San Niccolo ;4.4;731;107.0;Beef / Lamb / Veal;Italy;Tuscany;Miscela;2015;51;44;13;wood/herbaceous/black berries
Argiano;Brunello di Montalcino ;4.3;81;49.9;Beef / Lamb / Game (deer, chamois);Italy;Brunello di Montalcino;Sangiovese;2017;48;56;7;wood/herbaceous/red fruits
Gaja;Conteisa Langhe ;4.5;104;240.0;Beef / Pasta / Lamb;Italy;Langhe;Miscela;2005;63;41;20;wood/herbaceous/red fruits
Antonio Caggiano;Vigna Macchia dei Goti Taurasi ;4.3;50;30.56;Beef / Pasta / Lamb;Italy;Taurasi;Aglianico;2017;82;52;23;wood/herbaceous/black berries
Isole e Olena;Syrah Toscana Collezione Privata ;4.4;63;59.9;Beef / Lamb / Veal;Italy;Tuscany;Miscela;2017;53;44;11;black berries/wood/herbaceous
Campo Alla Sughera;Campo Alla Sughera ;4.3;96;53.5;Beef / Lamb / Veal;Italy;Tuscany;Miscela;2009;55;40;15;wood/black berries/red fruits
La Braccesca;Maggiarino Vino Nobile di Montepulciano ;4.4;83;51.99;Beef / Game (deer, chamois) / Poultry;Italy;Vino Nobile di Montepulciano;Sangiovese;2016;57;53;0;black berries/wood/herbaceous
Castello dei Rampolla;d'Alceo ;4.4;48;239.0;Beef / Lamb / Veal;Italy;Tuscany;Cabernet Sauvignon;1996;52;45;18;wood/black berries/herbaceous
Rignana;Villa di Rignana Chianti Classico Gran Selezione ;4.3;64;30.9;Beef / Veal / Poultry;Italy;Chianti Classico;Sangiovese;2013;59;54;0;wood/red fruits/herbaceous
Speri;Vigneto Monte Sant'Urbano Amarone della Valpolicella Classico ;4.4;208;43.99;Beef / Lamb / Game (deer, chamois);Italy;Amarone della Valpolicella Classico;Miscela;2017;83;25;46;wood/black berries/herbaceous
Tommasi;Amarone della Valpolicella Classico ;4.3;2435;84.9;Beef / Lamb / Game (deer, chamois);Italy;Amarone della Valpolicella Classico;Miscela;2009;85;23;49;wood/black berries/red fruits
Argiano;Brunello di Montalcino ;4.4;1202;41.8;Beef / Lamb / Game (deer, chamois);Italy;Brunello di Montalcino;Sangiovese;2016;48;56;7;wood/herbaceous/red fruits
Tresoro;Rosso ;4.5;50;250.0;Beef / Lamb / Veal;Italy;Tuscany;Miscela;2017;55;49;10;black berries/spezie
Castello dei Rampolla;d'Alceo ;4.5;67;159.0;Beef / Lamb / Veal;Italy;Tuscany;Cabernet Sauvignon;1997;52;45;18;wood/black berries/herbaceous
Argiano;Brunello di Montalcino Riserva ;4.4;146;154.0;Beef / Lamb / Game (deer, chamois);Italy;Brunello di Montalcino;Sangiovese;2010;47;53;13;wood/herbaceous/black berries
Quintarelli Giuseppe;Ca’ del Merlo Rosso Veneto ;4.5;29;78.9;Beef / Pasta / Lamb;Italy;Veneto;Miscela;2014;63;36;21;wood/herbaceous/red fruits
Coali;Il Carlin Valpolicella Ripasso Clássico Superiore ;4.5;40;23.0;Beef / Pasta / Veal;Italy;Valpolicella Ripasso;Miscela;2016;51;33;25;black berries/red fruits/frutta secca
Tenuta di Valgiano;Colline Lucchesi ;4.3;227;89.0;Beef / Lamb / Veal;Italy;Colline Lucchesi;Miscela;2015;54;44;9;red fruits/herbaceous/spezie
Antinori;Tignanello ;4.7;4617;157.0;Beef / Lamb / Veal;Italy;Tuscany;Miscela;2018;53;42;11;wood/black berries/herbaceous
Ca' del Bosco;Pinéro ;4.3;61;61.8;Beef / Pasta / Lamb;Italy;Sebino;Pinot Nero;2015;55;37;17;red fruits/herbaceous/wood
La Spinetta;Vürsù Barbaresco Starderi ;4.4;106;119.0;Beef / Pasta / Lamb;Italy;Barbaresco;Nebbiolo;2015;65;74;9;herbaceous/wood/red fruits
Col d'Orcia;Poggio Al Vento Brunello di Montalcino Riserva ;4.4;380;99.9;Beef / Lamb / Game (deer, chamois);Italy;Brunello di Montalcino;Sangiovese;2012;51;58;8;wood/herbaceous/red fruits
Castello del Terriccio;Lupicaia ;4.4;396;125.0;Beef / Lamb / Veal;Italy;Tuscany;Barbera;2006;57;45;13;wood/black berries/herbaceous
Quintarelli Giuseppe;Amarone della Valpolicella Classico ;4.7;494;598.0;Beef / Lamb / Game (deer, chamois);Italy;Amarone della Valpolicella Classico;Miscela;1998;83;26;50;wood/black berries/herbaceous
Le Chiuse;Brunello di Montalcino ;4.5;179;269.0;Beef / Lamb / Game (deer, chamois);Italy;Brunello di Montalcino;Sangiovese;2016;52;57;8;wood/herbaceous/red fruits
Vie di Romans;Pinot Nero ;4.4;57;58.0;Beef / Veal / Game (deer, chamois);Italy;Friuli Isonzo;Pinot Nero;2016;44;23;21;red fruits/herbaceous
Biserno;Il Pino di Biserno ;4.4;1578;51.0;Beef / Lamb / Veal;Italy;Tuscany;Miscela;2017;56;43;17;wood/black berries/herbaceous
G.D. Vajra;Barolo Coste di Rose ;4.3;152;59.2;Beef / Pasta / Lamb;Italy;Barolo;Nebbiolo;2016;59;72;7;red fruits/herbaceous/wood
Tenuta di Trinoro;Toscana Rosso ;4.5;64;283.0;Beef / Lamb / Veal;Italy;Tuscany;Miscela;2014;56;44;20;black berries/wood/herbaceous
Ornellaia;Bolgheri Superiore ;4.7;1269;410.0;Beef / Pasta / Lamb;Italy;Bolgheri Superiore;Miscela;2005;65;65;13;wood/black berries/herbaceous
Gaja;Barbaresco ;4.5;155;345.0;Beef / Pasta / Lamb;Italy;Barbaresco;Nebbiolo;1988;60;68;8;herbaceous/wood/red fruits
Roberto Sarotto;Elena La Luna Barbera d'Alba ;4.4;707;19.9;Pasta / Veal / Pork;Italy;Barbera d'Alba;Barbera;2019;63;21;19;wood/black berries/red fruits
Gaja;Dagromis Barolo ;4.3;1039;95.0;Beef / Pasta / Lamb;Italy;Barolo;Nebbiolo;2016;63;74;6;herbaceous/wood/red fruits
Produttori del Barbaresco;Barbaresco Riserva Muncagota ;4.3;182;49.9;Beef / Pasta / Lamb;Italy;Barbaresco;Nebbiolo;2014;63;74;2;herbaceous/red fruits/wood
Cà dei Frati;Ronchedone Rosso ;4.2;2859;14.5;Beef / Pasta / Lamb;Italy;Lombardia;Marzemino;2019;66;41;24;wood/black berries/red fruits
Duca di Salaparuta;Duca Enrico Rosso ;4.4;28;55.3;Beef / Pasta / Lamb;Italy;Terre Siciliane;Nero d'Avola;2017;82;41;29;herbaceous/black berries/wood
Elena Walch;Cabernet Istrice ;4.3;83;21.9;Beef / Pasta / Lamb;Italy;SÃ¼dtirol - Alto Adige;Miscela;2018;61;39;15;wood/black berries/herbaceous
San Giusto a Rentennano;La Ricolma ;4.3;75;495.0;Beef / Lamb / Veal;Italy;Tuscany;Merlot;2004;51;44;12;black berries/wood/herbaceous
Sandrone;Barolo Le Vigne ;4.3;194;230.0;Beef / Pasta / Lamb;Italy;Barolo;Nebbiolo;2013;62;76;10;herbaceous/wood/red fruits
Arnaldo Rivera;Barolo Vignarionda ;4.3;38;53.0;Beef / Pasta / Lamb;Italy;Barolo;Nebbiolo;2015;61;77;3;wood/spezie/red fruits
Capannelle;50 & 50 ;4.4;649;120.0;Beef / Lamb / Veal;Italy;Tuscany;Merlot;2011;53;46;12;wood/black berries/herbaceous
Biondi-Santi;Brunello di Montalcino Riserva ;4.4;168;540.0;Beef / Lamb / Game (deer, chamois);Italy;Brunello di Montalcino;Sangiovese;2006;46;57;10;herbaceous/wood/red fruits
Piero Busso;Viti Vecchie Albesani Barbaresco Riserva ;4.5;32;125.0;Beef / Pasta / Lamb;Italy;Barbaresco;Nebbiolo;2013;62;60;13;red fruits/herbaceous/wood
Rocca di Frassinello;Baffonero Maremma Toscana ;4.4;79;185.0;Beef / Lamb / Veal;Italy;Maremma Tuscany;Merlot;2016;58;47;17;black berries/wood/herbaceous
Castello dei Rampolla;d'Alceo ;4.3;115;109.8;Beef / Lamb / Veal;Italy;Tuscany;Cabernet Sauvignon;2012;52;45;18;wood/black berries/herbaceous
Rocche dei Manzoni;Vigna Cappella di S. Stefano Perno Barolo ;4.4;100;112.0;Beef / Pasta / Lamb;Italy;Barolo;Nebbiolo;2010;62;76;7;wood/herbaceous/red fruits
Monchiero Carbone;Mon Birone Barbera d'Alba ;4.3;157;29.1;Pasta / Veal / Pork;Italy;Barbera d'Alba;Barbera;2017;58;23;14;wood/black berries/herbaceous
Marchesi di Barolo;Cannubi Barolo ;4.3;424;53.0;Beef / Pasta / Lamb;Italy;Barolo;Nebbiolo;2015;64;73;5;wood/herbaceous/red fruits
Masseto;Toscana ;4.7;743;1350.0;Beef / Lamb / Veal;Italy;Tuscany;Merlot;2008;58;46;17;wood/black berries/herbaceous
Mastrojanni;Vigna Schiena d'Asino Brunello di Montalcino ;4.5;108;139.9;Beef / Lamb / Game (deer, chamois);Italy;Brunello di Montalcino;Sangiovese;2012;50;59;5;wood/herbaceous/black berries
Vietti;Barolo Rocche di Castiglione ;4.4;99;495.0;Beef / Pasta / Lamb;Italy;Barolo;Nebbiolo;2009;61;76;13;herbaceous/red fruits/wood
Aldo Conterno;Barolo Bussia ;4.3;70;73.0;Beef / Pasta / Lamb;Italy;Barolo;Nebbiolo;2017;61;78;7;herbaceous/red fruits/wood
Quintarelli Giuseppe;Amarone della Valpolicella Classico ;4.7;475;299.0;Beef / Lamb / Game (deer, chamois);Italy;Amarone della Valpolicella Classico;Corvina;2011;83;26;50;wood/black berries/herbaceous
Tenuta Sette Ponti;Oreno Toscana ;4.3;143;85.0;Beef / Lamb / Veal;Italy;Tuscany;Cabernet Sauvignon;2019;55;46;11;wood/black berries/herbaceous
Cavallotto;Barolo Riserva Vignolo ;4.3;126;135.0;Beef / Pasta / Lamb;Italy;Barolo;Nebbiolo;2016;65;77;5;herbaceous/red fruits/wood
Tenuta Sant'Antonio;Lilium Est Amarone Della Valpolicella Riserva ;4.5;145;109.0;Beef / Lamb / Game (deer, chamois);Italy;Amarone della Valpolicella;Miscela;2008;85;27;55;wood/black berries/herbaceous
Brunilde di Menzione;Primitivo di Manduria Riserva ;4.4;180;11.99;na / na / na;Italy;Primitivo di Manduria;Primitivo;2019;69;21;44;black berries/wood/spezie
Brovia;Garblèt Sué Barolo ;4.4;65;117.0;Beef / Pasta / Lamb;Italy;Barolo;Nebbiolo;2015;65;73;3;herbaceous/wood/red fruits
Tenuta Sant'Antonio;Antonio Castagnedi Amarone della Valpolicella ;4.3;250;26.19;Beef / Lamb / Game (deer, chamois);Italy;Amarone della Valpolicella;Riesling;2017;85;25;48;wood/black berries/herbaceous
Bertani;Amarone della Valpolicella Classico ;4.4;340;195.0;Beef / Lamb / Game (deer, chamois);Italy;Amarone della Valpolicella Classico;Rondinella;1999;83;26;45;wood/frutta secca/herbaceous
Tenuta Campo al Mare;Bolgheri Superiore Baia Al Vento ;4.3;157;32.99;Beef / Pasta / Lamb;Italy;Bolgheri Superiore;Miscela;2017;65;70;15;black berries/wood/herbaceous
Terrecarsiche 1939;Fanova Riserva ;4.5;140;17.49;Beef / Pasta / Lamb;Italy;Gioia del Colle;Primitivo;2018;82;42;27;wood/herbaceous/black berries
Talenti;Brunello di Montalcino ;4.3;463;59.0;Beef / Lamb / Game (deer, chamois);Italy;Brunello di Montalcino;Sangiovese;2016;48;57;5;herbaceous/wood/red fruits
Giacomo Fenocchio;Barolo Cannubi ;4.3;36;58.6;Beef / Pasta / Lamb;Italy;Barolo;Nebbiolo;2017;59;75;6;herbaceous/red fruits/wood
Antinori;Tenuta Tignanello 'Solaia' ;4.8;106;365.0;Beef / Lamb / Veal;Italy;Tuscany;Cabernet Sauvignon;2018;54;42;15;wood/black berries/herbaceous
Riecine;Rosso Toscana ;4.3;34;77.9;Beef / Lamb / Veal;Italy;Tuscany;Sangiovese;2016;43;43;8;red fruits/wood/spezie
Tenuta Cucco;Barolo del Comune di Serralunga d'Alba ;4.3;509;34.0;Beef / Pasta / Lamb;Italy;Barolo;Nebbiolo;2016;62;79;1;red fruits/herbaceous/wood
Tenuta CastelGiocondo;Ripe al Convento Brunello di Montalcino Riserva ;4.3;195;99.0;Beef / Lamb / Game (deer, chamois);Italy;Brunello di Montalcino;Sangiovese;2013;52;58;12;wood/herbaceous/black berries
Maculan;Fratta ;4.3;49;53.8;Beef / Pasta / Lamb;Italy;Breganze;Miscela;2016;65;41;19;black berries/wood/herbaceous
Masseto;Toscana ;4.8;734;1700.02;Beef / Lamb / Veal;Italy;Tuscany;Merlot;2005;58;46;17;wood/black berries/herbaceous
Il Marroneto;Madonna delle Grazie Brunello di Montalcino ;4.7;134;369.0;Beef / Lamb / Game (deer, chamois);Italy;Brunello di Montalcino;Sangiovese;2015;53;59;13;herbaceous/red fruits/wood
Domenico Clerico;Barolo Pajana ;4.3;51;95.0;Beef / Pasta / Lamb;Italy;Barolo;Nebbiolo;2017;65;81;11;wood/herbaceous/red fruits
Borgogno;Barolo Riserva ;4.3;869;187.0;Beef / Pasta / Lamb;Italy;Barolo;Nebbiolo;2006;61;74;7;herbaceous/wood/red fruits
Cantine Leonardo da Vinci;Leonardo da Vinci Brunello di Montalcino ;4.3;224;29.8;Beef / Lamb / Game (deer, chamois);Italy;Brunello di Montalcino;Sangiovese;2016;48;54;4;wood/black berries/herbaceous
Castiglion del Bosco;Brunello di Montalcino ;4.3;771;50.0;Beef / Lamb / Game (deer, chamois);Italy;Brunello di Montalcino;Sangiovese;2016;48;56;6;herbaceous/red fruits/wood
Ritterhof;Manus Lagrein ;4.5;37;32.8;Beef / Pasta / Lamb;Italy;SÃ¼dtirol - Alto Adige;Lagrein;2018;63;49;14;black berries/red fruits/herbaceous
Tenuta di Carleone;Uno ;4.3;86;61.39;Beef / Lamb / Veal;Italy;Tuscany;Sangiovese;2018;49;45;9;wood/black berries/herbaceous
Giulia Negri;Serradenari Barolo ;4.3;87;63.9;Beef / Pasta / Lamb;Italy;Barolo;Nebbiolo;2017;52;77;12;herbaceous/red fruits/wood
Marchesi di Barolo;Cannubi Barolo ;4.4;94;49.5;Beef / Pasta / Lamb;Italy;Barolo;Nebbiolo;2016;64;73;5;wood/herbaceous/red fruits
Mauro Molino;Barolo Conca ;4.3;203;75.8;Beef / Pasta / Lamb;Italy;Barolo;Nebbiolo;2016;65;76;10;wood/herbaceous/red fruits
Elio Altare;Arborina Barolo ;4.4;127;87.0;Beef / Pasta / Lamb;Italy;Barolo;Nebbiolo;2014;62;75;11;herbaceous/red fruits/wood
Elio Grasso;Barolo Ginestra Casa Maté ;4.3;199;108.0;Beef / Pasta / Lamb;Italy;Barolo;Nebbiolo;2015;65;74;12;herbaceous/wood/red fruits
Biondi-Santi;Brunello di Montalcino ;4.4;154;336.0;Beef / Lamb / Game (deer, chamois);Italy;Brunello di Montalcino;Sangiovese;1985;47;57;8;herbaceous/wood/red fruits
Castello Romitorio;Brunello di Montalcino ;4.3;657;51.0;Beef / Lamb / Game (deer, chamois);Italy;Brunello di Montalcino;Sangiovese;2016;49;56;8;wood/herbaceous/red fruits
La Spinetta;Vürsù Barolo Campè ;4.4;276;130.0;Beef / Pasta / Lamb;Italy;Barolo;Nebbiolo;2000;65;77;10;herbaceous/wood/red fruits
Tenuta Sant'Antonio;Campo dei Gigli Amarone della Valpolicella ;4.3;559;72.0;Beef / Lamb / Game (deer, chamois);Italy;Amarone della Valpolicella;Miscela;2012;85;27;48;wood/black berries/herbaceous
Giuseppe Rinaldi;Tre Tine Barolo ;4.3;112;342.0;Beef / Pasta / Lamb;Italy;Barolo;Nebbiolo;2014;58;79;7;red fruits/herbaceous/spezie
Mazzei;Siepi ;4.4;367;106.0;Beef / Lamb / Veal;Italy;Tuscany;Miscela;2017;55;42;13;wood/black berries/herbaceous
Sesti;Brunello di Montalcino ;4.4;236;66.0;Beef / Lamb / Game (deer, chamois);Italy;Brunello di Montalcino;Sangiovese;2009;46;53;8;red fruits/herbaceous/wood
Le Macioche;Brunello di Montalcino ;4.3;95;59.9;Beef / Lamb / Game (deer, chamois);Italy;Brunello di Montalcino;Sangiovese;2016;47;55;7;herbaceous/red fruits/wood
De Stefani;Solèr ;4.4;142;19.95;Beef / Pasta / Lamb;Italy;Veneto;Miscela;2019;62;38;29;wood/black berries/red fruits
Gaja;Barbaresco ;4.4;803;244.0;Beef / Pasta / Lamb;Italy;Barbaresco;Nebbiolo;2015;60;68;8;herbaceous/wood/red fruits
Roagna;Pajè Barbaresco ;4.4;153;154.9;Beef / Pasta / Lamb;Italy;Barbaresco;Nebbiolo;2015;58;71;7;herbaceous/red fruits/wood
Bruno Rocca;Coparossa Barbaresco ;4.3;64;114.0;Beef / Pasta / Lamb;Italy;Barbaresco;Nebbiolo;2009;55;67;3;wood/red fruits/herbaceous
Vietti;Barolo Brunate ;4.3;61;165.0;Beef / Pasta / Lamb;Italy;Barolo;Nebbiolo;2015;62;80;15;herbaceous/red fruits/wood
Antinori;Tenuta Tignanello 'Solaia' ;4.5;91;769.0;Beef / Lamb / Veal;Italy;Tuscany;Cabernet Sauvignon;1985;54;42;15;wood/black berries/herbaceous
Nada Fiorenzo;Seifile ;4.3;55;69.0;Beef / Pasta / Lamb;Italy;Langhe;Nebbiolo;2007;66;45;22;herbaceous/red fruits/black berries
Canalicchio di Sopra;Brunello di Montalcino ;4.4;221;77.0;Beef / Lamb / Game (deer, chamois);Italy;Brunello di Montalcino;Sangiovese;2016;48;58;9;herbaceous/wood/red fruits
Ruffino;Alàuda ;4.5;122;73.5;Beef / Lamb / Veal;Italy;Tuscany;Cabernet Sauvignon;2016;59;44;21;wood/black berries/herbaceous
Fattoria del Pino;Brunello di Montalcino ;4.4;101;48.0;Beef / Lamb / Game (deer, chamois);Italy;Brunello di Montalcino;Sangiovese;2015;45;54;7;herbaceous/red fruits/wood
Roagna;Barbaresco Albesani ;4.6;45;139.36;Beef / Pasta / Lamb;Italy;Barbaresco;Nebbiolo;2015;66;70;0;herbaceous/red fruits/spezie
Giacomo Conterno;Barbera d'Alba Cerretta ;4.3;30;61.0;Pasta / Veal / Pork;Italy;Barbera d'Alba;Barbera;2018;58;27;10;red fruits/black berries/herbaceous
Tenuta CastelGiocondo;Brunello di Montalcino ;4.2;4395;40.5;Beef / Lamb / Game (deer, chamois);Italy;Brunello di Montalcino;Sangiovese;2012;49;57;7;wood/herbaceous/red fruits
Tenuta Luce;Luce Brunello di Montalcino ;4.6;497;119.0;Beef / Lamb / Game (deer, chamois);Italy;Brunello di Montalcino;Sangiovese;2015;52;58;12;wood/herbaceous/black berries
Masseria Capoforte;Primitivo ;4.3;215;13.5;Beef / Pasta / Lamb;Italy;Salento;Primitivo;2018;67;21;44;wood/black berries/red fruits
Brovia;Garblèt Sué Barolo ;4.3;93;117.0;Beef / Pasta / Lamb;Italy;Barolo;Nebbiolo;2012;65;73;3;herbaceous/wood/red fruits
Biserno;Lodovico ;4.6;409;465.0;Beef / Lamb / Veal;Italy;Tuscany;Miscela;2015;59;41;15;wood/black berries/herbaceous
Albino Armani;Cuslanus Amarone della Valpolicella Classico ;4.4;89;41.7;Beef / Lamb / Game (deer, chamois);Italy;Amarone della Valpolicella Classico;Miscela;2015;79;24;44;wood/black berries/red fruits
Tenuta San Guido;Sassicaia ;4.7;4630;450.0;Beef / Pasta / Lamb;Italy;Bolgheri Sassicaia;Miscela;2016;62;64;10;wood/black berries/herbaceous
La Cappuccina;Campo Buri Carmenérè - Oseleta ;4.3;150;30.0;Beef / Pasta / Lamb;Italy;Veneto;Miscela;2015;67;39;23;wood/red fruits/herbaceous
Colli Della Murgia;Symbol Primitivo ;4.4;33;22.9;Beef / Pasta / Lamb;Italy;Puglia;Primitivo;2016;65;26;41;black berries/wood/herbaceous
Nativ;Eremo San Quirico ;4.3;81;16.8;Beef / Pasta / Lamb;Italy;Irpinia Campi Taurasini;Aglianico;2018;85;38;40;wood/black berries/red fruits
Mastrojanni;Vigna Loreto Brunello di Montalcino ;4.3;1193;126.0;Beef / Lamb / Game (deer, chamois);Italy;Brunello di Montalcino;Sangiovese;2012;49;58;10;wood/herbaceous/red fruits
Villa Spinosa;Guglielmi di Jago Amarone della Valpolicella Classico ;4.6;64;139.98;Beef / Lamb / Game (deer, chamois);Italy;Amarone della Valpolicella Classico;Miscela;1998;82;29;49;wood/frutta secca/spezie
Antinori;Tignanello ;4.5;8772;336.0;Beef / Lamb / Veal;Italy;Tuscany;Miscela;2010;53;42;11;wood/black berries/herbaceous
Antinori;Tenuta Guado al Tasso Bolgheri Superiore ;4.6;1326;170.0;Beef / Pasta / Lamb;Italy;Bolgheri Superiore;Cabernet Sauvignon;2017;66;64;11;wood/black berries/herbaceous
Michele Chiarlo;Barolo Cannubi ;4.4;97;103.98;Beef / Pasta / Lamb;Italy;Barolo;Nebbiolo;2015;63;80;4;herbaceous/red fruits/wood
Loredan Gasparini;Capo di Stato ;4.3;26;50.0;Beef / Pasta / Lamb;Italy;Montello e Colli Asolani;Miscela;2017;66;44;17;herbaceous/black berries/wood
Viberti Giovanni;Bricco delle Viole Barolo Riserva ;4.3;69;104.0;Beef / Pasta / Lamb;Italy;Barolo;Nebbiolo;2013;59;76;9;herbaceous/wood/red fruits
Tenuta San Guido;Guidalberto ;4.2;4567;42.0;Beef / Lamb / Veal;Italy;Tuscany;Miscela;2018;51;41;8;wood/black berries/herbaceous
Paolo Scavino;Bric Dël Fiasc Barolo ;4.3;121;100.0;Beef / Pasta / Lamb;Italy;Barolo;Nebbiolo;2016;63;77;8;herbaceous/wood/red fruits
Varvaglione;Cosimo Varvaglione Collezione Privata Negroamaro del Salento ;4.4;97;24.5;Beef / Pasta / Lamb;Italy;Salento;Negroamaro;2017;77;37;30;black berries/spezie/wood
Produttori Vini Manduria;Sonetto Primitivo di Manduria Riserva ;4.3;143;28.45;Beef / Pasta / Lamb;Italy;Primitivo di Manduria;Primitivo;2015;67;27;40;wood/black berries/frutta secca
Querciabella;Toscana Camartina ;4.3;48;99.9;Beef / Lamb / Veal;Italy;Tuscany;Miscela;2016;53;43;13;wood/black berries/herbaceous
Conterno Fantino;Barolo Ginestra Vigna del Gris ;4.3;111;77.5;Beef / Pasta / Lamb;Italy;Barolo;Nebbiolo;2015;64;78;6;herbaceous/wood/black berries
Masi;Costasera Amarone della Valpolicella Classico ;4.3;511;102.0;Beef / Lamb / Game (deer, chamois);Italy;Amarone della Valpolicella Classico;Corvina;1999;85;24;48;wood/black berries/herbaceous
Capannelle;Solare Toscana ;4.4;94;44.9;Beef / Lamb / Veal;Italy;Tuscany;Miscela;2015;51;43;10;wood/herbaceous/black berries
Roberto Voerzio;La Serra Barolo ;4.5;102;255.0;Beef / Pasta / Lamb;Italy;Barolo;Nebbiolo;2001;62;78;15;herbaceous/red fruits/wood
San Giusto a Rentennano;Percarlo ;4.3;266;186.0;Beef / Lamb / Veal;Italy;Tuscany;Sangiovese;2015;52;49;12;wood/herbaceous/red fruits
Quintarelli Giuseppe;Amarone della Valpolicella Classico ;4.7;369;320.0;Beef / Lamb / Game (deer, chamois);Italy;Amarone della Valpolicella Classico;Corvina;2012;83;26;50;wood/black berries/herbaceous
Castello dei Rampolla;d'Alceo ;4.4;184;177.0;Beef / Lamb / Veal;Italy;Tuscany;Miscela;2000;52;45;18;wood/black berries/herbaceous
Marchesi Alfieri;Alfiera Barbera d'Asti Superiore ;4.3;44;26.0;Pasta / Veal / Pork;Italy;Barbera d'Asti;Barbera;2018;59;31;18;wood/black berries/red fruits
Poggio di Sotto;Brunello di Montalcino Riserva ;4.6;163;450.0;Beef / Lamb / Game (deer, chamois);Italy;Brunello di Montalcino;Sangiovese;2011;47;53;9;wood/herbaceous/red fruits
Velenosi;Verso Sera Colline Teramane ;4.3;43;79.0;Beef / Pasta / Veal;Italy;Montepulciano d'Abruzzo Colline Teramane;Montepulciano;2018;43;35;23;red fruits/wood/black berries
Monte del Frá;Amarone della Valpolicella Classico Lena di Mezzo ;4.3;109;28.7;Beef / Lamb / Game (deer, chamois);Italy;Amarone della Valpolicella Classico;Miscela;2017;85;24;49;wood/black berries/red fruits
Banfi;Brunello di Montalcino ;4.2;3364;69.0;Beef / Lamb / Game (deer, chamois);Italy;Brunello di Montalcino;Sangiovese;2007;47;54;4;wood/herbaceous/red fruits
Gaja;Sorì Tildìn (Barbaresco) Langhe ;4.6;127;598.0;Beef / Pasta / Lamb;Italy;Langhe;Nebbiolo;2011;64;69;9;herbaceous/wood/red fruits
Ceretto;Barbaresco Asili ;4.3;31;148.0;Beef / Pasta / Lamb;Italy;Barbaresco;Nebbiolo;2018;53;75;1;red fruits/herbaceous/wood
Santi;Amarone della Valpolicella ;4.3;58;30.8;Beef / Lamb / Game (deer, chamois);Italy;Amarone della Valpolicella;Miscela;2015;85;22;50;wood/black berries/herbaceous
Corte dei Venti;Brunello di Montalcino ;4.3;262;45.5;Beef / Lamb / Game (deer, chamois);Italy;Brunello di Montalcino;Sangiovese;2016;48;50;4;herbaceous/wood/red fruits
Fratelli Revello;Barolo Cerretta ;4.3;47;48.0;Beef / Pasta / Lamb;Italy;Barolo;Nebbiolo;2016;57;84;0;herbaceous/red fruits/wood
Margherita Otto;Barolo ;4.3;35;90.0;Beef / Pasta / Lamb;Italy;Barolo;Nebbiolo;2017;60;81;0;spezie/wood/herbaceous
Castello di Ama;L'Apparita ;4.4;229;225.0;Beef / Lamb / Veal;Italy;Tuscany;Merlot;2007;53;44;13;wood/herbaceous/black berries
Mascarello Giuseppe e Figlio;Barolo Monprivato ;4.4;436;239.0;Beef / Pasta / Lamb;Italy;Barolo;Nebbiolo;2012;56;74;7;red fruits/herbaceous/wood
Castello di Ama;L'Apparita ;4.4;89;195.0;Beef / Lamb / Veal;Italy;Tuscany;Merlot;1994;53;44;13;wood/herbaceous/black berries
Siro Pacenti;Pelagrilli Brunello di Montalcino ;4.3;208;51.7;Beef / Lamb / Game (deer, chamois);Italy;Brunello di Montalcino;Sangiovese;2016;46;59;9;wood/red fruits/herbaceous
Poggio Antico;Brunello di Montalcino ;4.4;181;50.9;Beef / Lamb / Game (deer, chamois);Italy;Brunello di Montalcino;Sangiovese;2016;46;53;6;wood/herbaceous/red fruits
Bruno Giacosa;Falletto Barolo ;4.3;226;336.0;Beef / Pasta / Lamb;Italy;Barolo;Nebbiolo;2009;60;75;10;herbaceous/red fruits/wood
Prunotto;Vigna Colonnello Barolo Riserva Bussia ;4.3;63;203.0;Beef / Pasta / Lamb;Italy;Barolo;Nebbiolo;2013;59;74;2;red fruits/herbaceous/wood
Abbazia di Novacella (Stiftskellerei Neustift);Praepositus Pinot Nero Riserva ;4.3;44;27.8;Beef / Veal / Game (deer, chamois);Italy;SÃ¼dtirol - Alto Adige;Pinot Nero;2018;42;24;10;wood/red fruits/herbaceous
Sandrone;Barolo Le Vigne ;4.3;188;114.4;Beef / Pasta / Lamb;Italy;Barolo;Nebbiolo;2015;62;76;10;herbaceous/wood/red fruits
Dal Forno Romano;Valpolicella Superiore Monte Lodoletta ;4.5;733;99.0;Beef / Pasta / Veal;Italy;Valpolicella;Corvina;2013;54;39;25;wood/black berries/herbaceous
Produttori del Barbaresco;Barbaresco Riserva Montefico ;4.3;99;49.0;Beef / Pasta / Lamb;Italy;Barbaresco;Nebbiolo;2014;63;73;7;herbaceous/red fruits/wood
Corte dei Venti;Brunello di Montalcino ;4.4;35;47.43;Beef / Lamb / Game (deer, chamois);Italy;Brunello di Montalcino;Sangiovese;2017;48;50;4;herbaceous/wood/red fruits
Di Majo Norante;Don Luigi Riserva ;4.3;252;24.79;Beef / Pasta / Lamb;Italy;Molise;Montepulciano;2016;84;48;29;wood/black berries/herbaceous
Vietti;Barolo Riserva Villero ;4.5;47;314.0;Beef / Pasta / Lamb;Italy;Barolo;Nebbiolo;2012;66;82;14;herbaceous/wood/spezie
Quintarelli Giuseppe;Amarone della Valpolicella Classico ;4.8;176;255.0;Beef / Lamb / Game (deer, chamois);Italy;Amarone della Valpolicella Classico;Corvina;2013;83;26;50;wood/black berries/herbaceous
Podere 29;Gelso d'Oro Nero di Troia ;4.4;763;20.5;Beef / Pasta / Lamb;Italy;Puglia;Nero di Troia;2018;84;37;36;wood/black berries/herbaceous
Gianfranco Fino;Jo Negroamaro Salento ;4.3;160;79.0;Beef / Pasta / Lamb;Italy;Salento;Negroamaro;2016;84;42;34;wood/black berries/red fruits
Pasqua Vigneti e Cantine;Famiglia Pasqua Amarone della Valpolicella Riserva ;4.4;25;140.0;Beef / Lamb / Game (deer, chamois);Italy;Amarone della Valpolicella;Miscela;2003;84;27;45;wood/herbaceous/frutta secca
Cà dei Frati;Pietro Dal Cero Amarone della Valpolicella ;4.5;437;70.0;Beef / Lamb / Game (deer, chamois);Italy;Amarone della Valpolicella;Miscela;2012;82;28;47;wood/black berries/red fruits
Gulfi;NeroBufaleffj ;4.3;27;29.9;Beef / Pasta / Lamb;Italy;Terre Siciliane;Nero d'Avola;2017;83;43;28;black berries/wood/red fruits
Rocca di Frassinello;Maremma Toscana ;4.3;79;45.6;Beef / Lamb / Veal;Italy;Maremma Tuscany;Sangiovese;2017;53;43;10;wood/black berries/herbaceous
Tua Rita;Per Sempre Syrah Toscana ;4.5;72;270.0;Beef / Lamb / Veal;Italy;Tuscany;Shiraz/Syrah;2012;58;40;12;wood/black berries/spezie
Aldo Conterno;Barolo Bussia Romirasco ;4.7;65;283.0;Beef / Pasta / Lamb;Italy;Barolo;Nebbiolo;2015;62;78;9;wood/herbaceous/red fruits
Ornellaia;Bolgheri Superiore ;4.6;486;336.0;Beef / Pasta / Lamb;Italy;Bolgheri Superiore;Miscela;1996;65;65;13;wood/black berries/herbaceous
Virna;Cannubi Barolo ;4.3;43;66.88;Beef / Pasta / Lamb;Italy;Barolo;Nebbiolo;2016;67;76;5;herbaceous/wood/red fruits
Sasso di Sole;Brunello di Montalcino ;4.4;74;29.99;Beef / Lamb / Game (deer, chamois);Italy;Brunello di Montalcino;Sangiovese;2017;49;56;6;wood/herbaceous/red fruits
Nino Negri;5 Stelle Sfursat ;4.4;185;67.15;Beef / Lamb / Game (deer, chamois);Italy;Valtellina;Nebbiolo;2018;66;76;16;wood/herbaceous/black berries
Brunelli;Pa' Riondo Valpolicella Ripasso Classico Superiore ;4.3;43;18.66;Beef / Veal / Game (deer, chamois);Italy;Valpolicella Ripasso Classico;Miscela;2018;63;40;28;wood/red fruits/black berries
Le Macioche;Riserva Brunello di Montalcino ;4.3;50;102.0;Beef / Lamb / Game (deer, chamois);Italy;Brunello di Montalcino;Sangiovese;2004;53;52;0;wood/black berries/herbaceous
Gaja;Sorì San Lorenzo ;4.6;161;547.0;Beef / Pasta / Lamb;Italy;Barbaresco;Nebbiolo;2000;63;73;12;herbaceous/wood/red fruits
Ricchi;Carpino Merlot ;4.4;66;26.6;Beef / Pasta / Lamb;Italy;Garda;Merlot;2016;68;42;14;wood/black berries/herbaceous
Elio Altare;Arborina Langhe Rosso ;4.5;31;78.0;Beef / Pasta / Lamb;Italy;Langhe;Nebbiolo;2005;66;44;19;wood/herbaceous/red fruits
Gaja;Barbaresco ;4.6;790;289.0;Beef / Pasta / Lamb;Italy;Barbaresco;Nebbiolo;1999;60;68;8;herbaceous/wood/red fruits
Carlo Giacosa;Ovello Barbaresco ;4.3;37;41.4;Beef / Pasta / Lamb;Italy;Barbaresco;Nebbiolo;2018;66;66;0;
La Spinetta;Vigneto Bordini Barbaresco ;4.3;269;44.5;Beef / Pasta / Lamb;Italy;Barbaresco;Nebbiolo;2018;63;72;2;red fruits/herbaceous/wood
Pio Cesare;Ornato Barolo ;4.6;84;120.0;Beef / Pasta / Lamb;Italy;Barolo;Nebbiolo;2017;63;77;7;herbaceous/wood/red fruits
Antinori;Tenuta Guado al Tasso Bolgheri Superiore ;4.5;390;248.0;Beef / Pasta / Lamb;Italy;Bolgheri Superiore;Miscela;1997;66;64;11;wood/black berries/herbaceous
Antinori;Tenuta Guado al Tasso Bolgheri Superiore ;4.4;3018;195.0;Beef / Pasta / Lamb;Italy;Bolgheri Superiore;Miscela;2013;66;64;11;wood/black berries/herbaceous
Roberto Voerzio;Da uva Merlot vigneti Fontanazza - Pissota Langhe ;4.3;70;138.0;Beef / Pasta / Lamb;Italy;Langhe;Merlot;2005;64;42;15;black berries/wood/herbaceous
Punica;Barrua ;4.2;1432;46.0;Beef / Pasta / Lamb;Italy;Isola dei Nuraghi;Miscela;2016;82;42;29;wood/black berries/herbaceous
Vignalta;Marrano ;4.4;59;21.0;Beef / Pasta / Lamb;Italy;Veneto;Miscela;2013;70;37;12;black berries/wood/herbaceous
Masseto;Toscana ;4.8;286;1200.0;Beef / Lamb / Veal;Italy;Tuscany;Merlot;2016;58;46;17;wood/black berries/herbaceous
Castello di Bolgheri;Bolgheri Superiore ;4.4;445;160.0;Beef / Pasta / Lamb;Italy;Bolgheri Superiore;Miscela;2016;67;65;15;black berries/wood/herbaceous
Michele Chiarlo;Barolo Cannubi ;4.3;106;134.0;Beef / Pasta / Lamb;Italy;Barolo;Nebbiolo;2007;63;80;4;herbaceous/red fruits/wood
Vigneti Reale;Gloria Primitivo di Manduria ;4.5;192;45.0;Beef / Pasta / Lamb;Italy;Primitivo di Manduria;Primitivo;2018;71;24;45;black berries/red fruits/wood
Monteverro;Tinata Toscana ;4.4;48;95.0;Beef / Lamb / Veal;Italy;Tuscany;Miscela;2016;55;43;13;wood/black berries/spezie
Tua Rita;Redigaffi Toscana ;4.6;263;280.0;Beef / Lamb / Veal;Italy;Tuscany;Merlot;2008;55;42;18;wood/black berries/herbaceous
Ricasoli;Astuto Bolgheri Superiore ;4.3;33;37.5;Beef / Pasta / Lamb;Italy;Bolgheri Superiore;Miscela;2018;63;71;5;wood/black berries/red fruits
Sandrone;Vite Talin Barolo ;4.6;40;769.0;Beef / Pasta / Lamb;Italy;Barolo;Nebbiolo;2013;56;81;2;spezie/herbaceous/wood
Massimago;Conte Gastone Amarone della Valpolicella ;4.3;94;34.44;Beef / Lamb / Game (deer, chamois);Italy;Amarone della Valpolicella;Corvina;2017;79;25;46;wood/frutta secca/red fruits
Marchesi di Gresy;Barbaresco Camp Gros Martinenga Riserva ;4.5;30;129.0;Beef / Pasta / Lamb;Italy;Barbaresco;Nebbiolo;2015;61;70;9;herbaceous/wood/red fruits
Collemattoni;Brunello di Montalcino ;4.3;338;36.0;Beef / Lamb / Game (deer, chamois);Italy;Brunello di Montalcino;Sangiovese;2015;51;58;9;herbaceous/wood/red fruits
Antinori;Tignanello ;4.6;7236;166.0;Beef / Lamb / Veal;Italy;Tuscany;Miscela;2017;53;42;11;wood/black berries/herbaceous
Conterno Fantino;Barolo Mosconi Vigna Ped ;4.4;50;72.4;Beef / Pasta / Lamb;Italy;Barolo;Nebbiolo;2017;62;82;3;herbaceous/wood/black berries
Poggio Al Tesoro;Dedicato a Walter Bolgheri Superiore ;4.3;72;170.0;Beef / Lamb / Veal;Italy;Bolgheri Superiore;Cabernet Franc;2006;55;44;12;wood/black berries/spezie
Sesti;Brunello di Montalcino ;4.4;85;68.0;Beef / Lamb / Game (deer, chamois);Italy;Brunello di Montalcino;Sangiovese;2007;46;53;8;red fruits/herbaceous/wood
Poggio di Sotto;Brunello di Montalcino ;4.4;291;185.0;Beef / Lamb / Game (deer, chamois);Italy;Brunello di Montalcino;Sangiovese;2012;46;56;8;herbaceous/wood/red fruits
Michele Chiarlo;Barolo Cerequio ;4.5;28;73.9;Beef / Pasta / Lamb;Italy;Barolo;Nebbiolo;2017;63;77;9;herbaceous/wood/red fruits
Produttori del Barbaresco;Barbaresco Riserva Asili ;4.4;72;98.0;Beef / Pasta / Lamb;Italy;Barbaresco;Nebbiolo;2016;61;72;7;herbaceous/red fruits/wood
Arnaldo-Caprai;Collepiano Sagrantino di Montefalco ;4.3;170;23.85;Beef / Pasta / Veal;Italy;Montefalco Sagrantino;Sagrantino;2017;58;54;8;wood/black berries/herbaceous
Pietro Clementi;Amarone della Valpolicella Classico ;4.4;142;39.9;Beef / Lamb / Game (deer, chamois);Italy;Amarone della Valpolicella Classico;Miscela;2011;79;36;41;wood/black berries/red fruits
Vietti;Barolo Lazzarito ;4.3;168;212.0;Beef / Pasta / Lamb;Italy;Barolo;Nebbiolo;2011;61;77;7;herbaceous/wood/red fruits
Vietti;Barolo Lazzarito ;4.3;112;159.0;Beef / Pasta / Lamb;Italy;Barolo;Nebbiolo;2015;61;77;7;herbaceous/wood/red fruits
Masi;Serego Alighieri Vaio Armaron Amarone della Valpolicella Classico ;4.3;429;52.82;Beef / Lamb / Game (deer, chamois);Italy;Amarone della Valpolicella;Miscela;2013;85;26;48;wood/black berries/red fruits
Antinori;Pian delle Vigne Vignaferrovia Brunello di Montalcino Riserva ;4.5;200;143.0;Beef / Lamb / Game (deer, chamois);Italy;Brunello di Montalcino;Sangiovese;2012;51;56;10;herbaceous/wood/red fruits
Gaja;Pieve Santa Restituta Brunello di Montalcino ;4.4;1256;91.0;Beef / Lamb / Game (deer, chamois);Italy;Brunello di Montalcino;Sangiovese;2015;49;58;9;wood/herbaceous/red fruits
Marion;Cabernet Sauvignon ;4.4;91;26.59;Beef / Pasta / Lamb;Italy;Veneto;Cabernet Sauvignon;2017;66;40;25;wood/black berries/herbaceous
Ugolini;Valle Alta Amarone della Valpolicella ;4.4;262;50.0;Beef / Lamb / Game (deer, chamois);Italy;Amarone della Valpolicella;Miscela;2013;82;28;44;red fruits/black berries/herbaceous
Gaja;Sperss Barolo ;4.6;204;280.0;Beef / Pasta / Lamb;Italy;Barolo;Nebbiolo;2015;64;77;8;herbaceous/wood/black berries
Vallone;Graticciaia ;4.4;155;56.9;Beef / Pasta / Lamb;Italy;Salento;Negroamaro;2015;85;37;36;wood/black berries/herbaceous
Tenuta CastelGiocondo;Lamaione Toscana ;4.4;122;48.5;Beef / Lamb / Veal;Italy;Tuscany;Merlot;2016;54;41;12;wood/black berries/herbaceous
Attanasio;Primitivo di Manduria ;4.4;120;29.9;Beef / Pasta / Lamb;Italy;Primitivo di Manduria;Primitivo;2016;72;26;45;wood/black berries/red fruits
Tommasi;Il Sestante Amarone della Valpolicella ;4.4;726;27.89;Beef / Lamb / Game (deer, chamois);Italy;Amarone della Valpolicella;Miscela;2016;83;23;50;wood/red fruits/black berries
Talenti;Brunello di Montalcino ;4.5;90;66.0;Beef / Lamb / Game (deer, chamois);Italy;Brunello di Montalcino;Sangiovese;2001;48;57;5;herbaceous/wood/red fruits
Bruno Giacosa;Falletto Barbaresco Asili ;4.5;180;461.0;Beef / Pasta / Lamb;Italy;Barbaresco;Nebbiolo;2011;58;67;9;herbaceous/red fruits/wood
Famiglia Statella;Pettinociarelle Rosso ;4.4;29;29.5;Beef / Pasta / Lamb;Italy;Etna;Nerello Mascalese;2018;81;49;22;herbaceous/red fruits/wood
Sandrone;Barolo Aleste ;4.4;46;143.0;Beef / Pasta / Lamb;Italy;Barolo;Nebbiolo;2017;65;84;4;herbaceous/red fruits/wood
Ornellaia;Bolgheri Superiore ;4.6;3453;270.0;Beef / Pasta / Lamb;Italy;Bolgheri Superiore;Miscela;2014;65;65;13;wood/black berries/herbaceous
Castorani;Jarno Rosso ;4.3;46;43.0;Beef / Pasta / Veal;Italy;Colline Pescaresi;Montepulciano;2014;76;45;31;wood/black berries/herbaceous
Primosic;Metamorfosis ;4.3;29;47.0;Beef / Pasta / Lamb;Italy;Collio;Miscela;2012;64;36;35;wood/herbaceous/black berries
Menhir;CalaMuri Primitivo ;4.3;203;15.9;Beef / Pasta / Lamb;Italy;Salento;Primitivo;2018;70;23;47;black berries/wood/red fruits
Vietti;Barbaresco Masseria ;4.3;48;74.0;Beef / Pasta / Lamb;Italy;Barbaresco;Nebbiolo;2017;60;71;8;herbaceous/red fruits/wood
Castello Monte Vibiano Vecchio;L'Andrea ;4.3;60;24.0;Beef / Pasta / Veal;Italy;Colli Perugini;Sangiovese;2015;59;46;7;black berries/herbaceous/wood
Ornellaia;La Grazia ;4.6;133;300.0;Beef / Lamb / Veal;Italy;Bolgheri Superiore;Miscela;2018;49;42;13;wood/black berries/herbaceous
Varvaglione;Papale Linea Oro Primitivo di Manduria ;4.4;2376;21.98;Beef / Pasta / Lamb;Italy;Primitivo di Manduria;Primitivo;2017;68;22;45;wood/black berries/red fruits
Masseria Frattasi;Iovi Tonant ;4.3;25;40.4;Beef / Pasta / Lamb;Italy;Taburno;Aglianico;2017;85;43;37;herbaceous/wood/black berries
Nino Negri;5 Stelle Sfursat ;4.5;1263;90.0;Beef / Lamb / Game (deer, chamois);Italy;Valtellina;Nebbiolo;2015;66;76;16;wood/herbaceous/black berries
Comm. G.B. Burlotto;Barolo Acclivi ;4.4;69;349.0;Beef / Pasta / Lamb;Italy;Barolo;Nebbiolo;2017;61;78;7;red fruits/wood/herbaceous
Mulini di Segalari;Bolgheri Superiore ;4.3;26;38.0;Beef / Pasta / Lamb;Italy;Bolgheri Superiore;Miscela;2018;65;54;7;black berries/spezie/red fruits
Castello di Ama;Vigneto Bellavista Chianti Classico ;4.5;60;179.0;Beef / Veal / Poultry;Italy;Chianti Classico;Miscela;1995;47;60;15;wood/herbaceous/red fruits
Volpaia;Casanova Il Puro Chianti Classico Gran Selezione ;4.4;68;112.0;Beef / Veal / Poultry;Italy;Chianti Classico;Sangiovese;2015;50;58;4;wood/herbaceous/black berries
Gianfranco Fino;Es Primitivo di Manduria ;4.4;44;47.59;Beef / Pasta / Lamb;Italy;Primitivo di Manduria;Primitivo;2020;70;24;45;black berries/wood/red fruits
Vietti;Barolo Brunate ;4.5;28;169.0;Beef / Pasta / Lamb;Italy;Barolo;Nebbiolo;2017;62;80;15;herbaceous/red fruits/wood
Elettra;Primitivo - Negroamaro ;4.3;448;12.9;Beef / Pasta / Lamb;Italy;Puglia;Miscela;2020;72;38;53;wood/red fruits/herbaceous
Cantina Valpolicella Negrar;Fulminato Amarone della Valpolicella ;4.3;79;16.0;Beef / Lamb / Game (deer, chamois);Italy;Amarone della Valpolicella;Miscela;2018;73;29;45;wood/herbaceous/black berries
Ornellaia;Bolgheri Superiore ;4.6;723;336.0;Beef / Pasta / Lamb;Italy;Bolgheri Superiore;Miscela;2002;65;65;13;wood/black berries/herbaceous
Oddero;Barolo Brunate ;4.4;86;119.0;Beef / Pasta / Lamb;Italy;Barolo;Nebbiolo;2010;65;77;7;herbaceous/red fruits/wood
Tenuta Il Poggione;Brunello di Montalcino ;4.3;4022;69.0;Beef / Lamb / Game (deer, chamois);Italy;Brunello di Montalcino;Sangiovese;2010;50;58;8;wood/herbaceous/red fruits
Prunotto;Vigna Colonnello Barolo Riserva Bussia ;4.3;120;106.9;Beef / Pasta / Lamb;Italy;Barolo;Nebbiolo;2009;59;74;2;red fruits/herbaceous/wood
Poggio di Sotto;Brunello di Montalcino ;4.5;105;396.0;Beef / Lamb / Game (deer, chamois);Italy;Brunello di Montalcino;Sangiovese;1999;46;56;8;herbaceous/wood/red fruits
Polvanera;17 Primitivo Gioia del Colle ;4.3;132;21.0;Beef / Pasta / Lamb;Italy;Puglia;Primitivo;2017;70;24;40;black berries/wood/herbaceous
Carpineto;Vigneto Poggio Sant'Enrico ;4.3;63;57.26;Beef / Game (deer, chamois) / Poultry;Italy;Vino Nobile di Montepulciano;Sangiovese;2006;58;57;7;wood/herbaceous/black berries
Antinori;Pian delle Vigne Vignaferrovia Brunello di Montalcino Riserva ;4.5;218;140.0;Beef / Lamb / Game (deer, chamois);Italy;Brunello di Montalcino;Sangiovese;2009;51;56;10;herbaceous/wood/red fruits
Antolini;Morópio Amarone della Valpolicella Classico ;4.4;80;35.5;Beef / Lamb / Game (deer, chamois);Italy;Amarone della Valpolicella Classico;Corvina;2018;83;24;49;wood/black berries/red fruits
Gaja;Costa Russi (Barbaresco) Langhe ;4.6;85;555.0;Beef / Pasta / Lamb;Italy;Langhe;Nebbiolo;2016;62;67;12;herbaceous/wood/black berries
Gravner;Breg Rosso ;4.4;86;152.0;Beef / Pasta / Lamb;Italy;Venezia Giulia;Pignolo;2005;68;53;20;black berries/herbaceous/wood
Tenuta di Trinoro;Toscana Rosso ;4.6;93;249.0;Beef / Lamb / Veal;Italy;Tuscany;Miscela;2004;56;44;20;black berries/wood/herbaceous
Masi;Costasera Amarone della Valpolicella Classico ;4.5;179;143.0;Beef / Lamb / Game (deer, chamois);Italy;Amarone della Valpolicella Classico;Miscela;1990;85;24;48;wood/black berries/herbaceous
Aldo Rainoldi;Fruttaio Ca’ Rizzieri Sfursat di Valtellina ;4.3;194;39.9;Beef / Lamb / Game (deer, chamois);Italy;Sforzato della Valtellina;Nebbiolo;2017;67;58;13;wood/herbaceous/black berries
Mauro Sebaste;Cerretta Barolo ;4.3;45;60.6;Beef / Pasta / Lamb;Italy;Barolo;Nebbiolo;2016;58;77;8;wood/red fruits/herbaceous
G.D. Vajra;Barolo Ravera ;4.4;207;75.0;Beef / Pasta / Lamb;Italy;Barolo;Nebbiolo;2014;62;81;3;red fruits/herbaceous/wood
Mascarello Giuseppe e Figlio;Barolo Monprivato ;4.5;189;230.0;Beef / Pasta / Lamb;Italy;Barolo;Nebbiolo;2015;56;74;7;red fruits/herbaceous/wood
Mastroberardino;Taurasi Radici ;4.2;1190;47.0;Beef / Pasta / Lamb;Italy;Taurasi;Aglianico;2015;82;49;22;herbaceous/wood/black berries
Masseto;Toscana ;4.6;160;1700.02;Beef / Lamb / Veal;Italy;Tuscany;Merlot;1993;58;46;17;wood/black berries/herbaceous
Polvanera;16 Primitivo Gioia del Colle ;4.3;37;22.9;Beef / Pasta / Lamb;Italy;Gioia del Colle;Primitivo;2017;69;25;40;black berries/wood/red fruits
Paolo Scavino;Bric Dël Fiasc Barolo ;4.4;212;95.22;Beef / Pasta / Lamb;Italy;Barolo;Nebbiolo;2012;63;77;8;herbaceous/wood/red fruits
Bruno Giacosa;Falletto Barolo Le Rocche del Falletto Riserva ;4.7;53;1110.0;Beef / Pasta / Lamb;Italy;Barolo;Nebbiolo;2000;62;78;19;herbaceous/red fruits/wood
Antinori;Pian delle Vigne Brunello di Montalcino ;4.4;101;113.85;Beef / Lamb / Game (deer, chamois);Italy;Brunello di Montalcino;Sangiovese;1996;48;53;8;wood/herbaceous/red fruits
Il Borghetto;Bilaccio ;4.6;38;37.95;Beef / Lamb / Veal;Italy;Chianti;Sangiovese;2016;42;42;7;herbaceous/red fruits/wood
Zenato;Amarone della Valpolicella Classico Riserva (Sergio Zenato) ;4.5;305;85.0;Beef / Lamb / Game (deer, chamois);Italy;Amarone della Valpolicella Classico;Corvina;2015;85;25;50;wood/black berries/frutta secca
Serafini & Vidotto;Il Rosso dell'Abazia ;4.3;30;30.9;Beef / Pasta / Lamb;Italy;Montello e Colli Asolani;Cabernet Sauvignon;2017;67;42;22;wood/black berries/herbaceous
Antinori;Pian delle Vigne Brunello di Montalcino ;4.3;2498;55.5;Beef / Lamb / Game (deer, chamois);Italy;Brunello di Montalcino;Sangiovese;2015;48;53;8;wood/herbaceous/red fruits
San Felice;Poggio Rosso Gran Selezione Chianti Classico ;4.3;146;29.75;Beef / Veal / Poultry;Italy;Chianti Classico;Sangiovese;2016;48;53;9;wood/black berries/red fruits
Gaja;Costa Russi (Barbaresco) Langhe ;4.7;33;598.0;Beef / Pasta / Lamb;Italy;Langhe;Nebbiolo;1985;62;67;12;herbaceous/wood/black berries
Terre Margaritelli;Freccia degli Scacchi Riserva ;4.3;38;28.7;Beef / Pasta / Veal;Italy;Torgiano Rosso Riserva;Sangiovese;2017;59;51;6;wood/black berries/spezie
Poggio San Polo;Brunello di Montalcino ;4.3;219;40.5;Beef / Lamb / Game (deer, chamois);Italy;Brunello di Montalcino;Sangiovese;2016;48;55;7;wood/red fruits/herbaceous
Antinori;Tenuta Guado al Tasso Bolgheri Superiore ;4.3;160;212.0;Beef / Pasta / Lamb;Italy;Bolgheri Superiore;Miscela;1995;66;64;11;wood/black berries/herbaceous
Aldo Conterno;Barolo Bussia Cicala ;4.5;133;139.9;Beef / Pasta / Lamb;Italy;Barolo;Nebbiolo;2015;65;75;10;herbaceous/wood/red fruits
Patrizia Cencioni;Brunello di Montalcino ;4.3;80;45.27;Beef / Lamb / Game (deer, chamois);Italy;Brunello di Montalcino;Sangiovese;2017;50;61;10;wood/red fruits/herbaceous
Pietro Zardini;Pietro Junior Amarone della Valpolicella ;4.5;43;28.99;Beef / Lamb / Game (deer, chamois);Italy;Amarone della Valpolicella;Miscela;2018;85;28;39;wood/black berries/frutta secca
Palazzo;Brunello di Montalcino ;4.3;140;39.95;Beef / Lamb / Game (deer, chamois);Italy;Brunello di Montalcino;Sangiovese;2015;52;60;7;wood/herbaceous/red fruits
Tenuta di Artimino;Iris Rosso Toscana ;4.4;39;27.5;Beef / Lamb / Veal;Italy;Tuscany;Miscela;2016;60;49;5;wood/black berries/red fruits
Tiezzi Enzo;Vigna Soccorso Brunello di Montalcino ;4.3;69;52.0;Beef / Lamb / Game (deer, chamois);Italy;Brunello di Montalcino;Sangiovese;2016;52;62;6;wood/red fruits/herbaceous
Ornellaia;Bolgheri Superiore ;4.5;326;427.0;Beef / Pasta / Lamb;Italy;Bolgheri Superiore;Merlot;1993;65;65;13;wood/black berries/herbaceous
Michele Biancardi;Puro Puglia Primitivo ;4.3;66;10.5;Beef / Pasta / Lamb;Italy;Puglia;Primitivo;2019;63;21;36;black berries/frutta secca/red fruits
Biondi-Santi;Brunello di Montalcino Riserva ;4.6;37;837.0;Beef / Lamb / Game (deer, chamois);Italy;Brunello di Montalcino;Sangiovese;1988;46;57;10;herbaceous/wood/red fruits
Giacomo Conterno;Barolo Cascina Francia ;4.6;519;306.0;Beef / Pasta / Lamb;Italy;Barolo;Nebbiolo;2011;62;76;8;herbaceous/red fruits/wood
Poliziano;Le Stanze Toscana ;4.3;108;39.9;Beef / Lamb / Veal;Italy;Tuscany;Miscela;2017;56;47;8;wood/black berries/herbaceous
Menhir;Vega ;4.3;66;19.9;Beef / Pasta / Lamb;Italy;Salento;Miscela;2016;85;41;33;wood/black berries/herbaceous
La Spinetta;Vürsù Barolo Campè ;4.4;194;156.86;Beef / Pasta / Lamb;Italy;Barolo;Nebbiolo;2009;65;77;10;herbaceous/wood/red fruits
Il Pollenza;Rosso ;4.3;36;62.0;Beef / Pasta / Veal;Italy;Marche;Miscela;2015;51;44;17;herbaceous/black berries/red fruits
Cavallotto;Barolo Riserva Bricco Boschis Vigna San Giuseppe ;4.4;333;141.0;Beef / Pasta / Lamb;Italy;Barolo;Nebbiolo;2013;67;79;11;herbaceous/wood/red fruits
Tenuta di Trinoro;Toscana Rosso ;4.4;51;270.0;Beef / Lamb / Veal;Italy;Tuscany;Miscela;2017;56;44;20;black berries/wood/herbaceous
Capo Zafferano;Primitivo ;4.3;319;10.4;Beef / Pasta / Lamb;Italy;Puglia;Primitivo;2020;63;24;38;black berries/wood/red fruits
Orma;Toscana ;4.3;847;79.0;Beef / Lamb / Veal;Italy;Tuscany;Miscela;2015;57;45;13;black berries/wood/herbaceous
Castello di Ama;Vigneto La Casuccia Chianti Classico Gran Selezione ;4.5;37;179.0;Beef / Veal / Poultry;Italy;Chianti Classico;Miscela;2015;47;61;8;wood/red fruits/black berries
Begali Lorenzo;Monte Ca' Bianca Amarone della Valpolicella Classico ;4.4;45;54.0;Beef / Lamb / Game (deer, chamois);Italy;Amarone della Valpolicella Classico;Corvina;2016;85;32;45;wood/black berries/frutta secca
Sandrone;Barolo Aleste ;4.3;54;248.0;Beef / Pasta / Lamb;Italy;Barolo;Nebbiolo;2016;65;84;4;herbaceous/red fruits/wood
Donatella Cinelli Colombini;Brunello di Montalcino (Casato Prime Donne) ;4.3;30;39.26;Beef / Lamb / Game (deer, chamois);Italy;Brunello di Montalcino;Sangiovese;2017;47;56;7;wood/herbaceous/red fruits
Casanova di Neri;Cerretalto Brunello di Montalcino ;4.9;28;504.0;Beef / Lamb / Game (deer, chamois);Italy;Brunello di Montalcino;Sangiovese;2016;55;59;12;wood/herbaceous/black berries
Bolla;Amarone della Valpolicella Classico Rhetico ;4.3;83;37.0;Beef / Pasta / Lamb;Italy;Amarone della Valpolicella Classico;Miscela;2012;70;42;24;wood/herbaceous/black berries
Giacomo Conterno;Barolo Cerretta ;4.5;82;393.0;Beef / Pasta / Lamb;Italy;Barolo;Nebbiolo;2013;63;76;12;herbaceous/red fruits/wood
M. Marengo;Brunate Barolo ;4.4;93;95.0;Beef / Pasta / Lamb;Italy;Barolo;Nebbiolo;2016;62;75;11;wood/herbaceous/red fruits
Produttori del Barbaresco;Barbaresco Riserva Asili ;4.3;179;53.9;Beef / Pasta / Lamb;Italy;Barbaresco;Nebbiolo;2015;61;72;7;herbaceous/red fruits/wood
Colle Santa Mustiola;Poggio Ai Chiari ;4.3;154;50.8;Beef / Lamb / Veal;Italy;Tuscany;Sangiovese;2008;55;40;10;wood/herbaceous/red fruits
Elio Grasso;Barolo Ginestra Casa Maté ;4.4;140;95.0;Beef / Pasta / Lamb;Italy;Barolo;Nebbiolo;2016;65;74;12;herbaceous/wood/red fruits
Monte Dall'Ora;Stropa Amarone della Valpolicella ;4.7;83;70.9;Beef / Lamb / Game (deer, chamois);Italy;Amarone della Valpolicella Classico;Corvina;2012;83;26;53;wood/black berries/herbaceous
Castello di Ama;Vigneto La Casuccia Chianti Classico Gran Selezione ;4.4;32;147.0;Beef / Veal / Poultry;Italy;Chianti Classico;Miscela;1990;47;61;8;wood/red fruits/black berries
Bertani;Amarone della Valpolicella Classico ;4.4;2489;143.0;Beef / Lamb / Game (deer, chamois);Italy;Amarone della Valpolicella Classico;Corvina;2007;83;26;45;wood/frutta secca/herbaceous
Tenuta Sant'Antonio;Campo dei Gigli Amarone della Valpolicella ;4.3;383;79.0;Beef / Lamb / Game (deer, chamois);Italy;Amarone della Valpolicella;Miscela;2010;85;27;48;wood/black berries/herbaceous
Banfi;Poggio all'Oro Brunello di Montalcino Riserva ;4.5;32;129.0;Beef / Lamb / Game (deer, chamois);Italy;Brunello di Montalcino;Sangiovese;2015;48;55;11;wood/herbaceous/black berries
Piantate Lunghe;Rossini Conero Riserva ;4.4;98;25.79;Beef / Pasta / Veal;Italy;Rosso Conero Riserva;Montepulciano;2016;65;56;5;wood/red fruits/black berries
Ca' del Bosco;Maurizio Zanella Sebino ;4.3;163;66.0;Beef / Pasta / Lamb;Italy;Sebino;Miscela;2015;64;40;23;wood/black berries/herbaceous
Cantina Diomede;Toppicello Nero di Troia ;4.3;107;21.0;Beef / Pasta / Lamb;Italy;Castel del Monte;Nero di Troia;2015;85;46;27;black berries
Uccelliera;Brunello di Montalcino Riserva ;4.5;73;129.9;Beef / Lamb / Game (deer, chamois);Italy;Tuscany;Sangiovese;2012;51;58;5;wood/red fruits/herbaceous
Collosorbo;Brunello di Montalcino ;4.3;727;42.0;Beef / Lamb / Game (deer, chamois);Italy;Brunello di Montalcino;Sangiovese;2010;50;56;10;wood/red fruits/herbaceous
Conde;Predappio Massera ;4.4;103;125.0;Beef / Pasta / Lamb;Italy;Emilia-Romagna;Merlot;2011;63;36;11;wood/black berries/frutta secca
G.D. Vajra;Barolo Ravera ;4.5;133;85.0;Beef / Pasta / Lamb;Italy;Barolo;Nebbiolo;2016;62;81;3;red fruits/herbaceous/wood
Azienda Agricola Morella;Old Vines Primitivo ;4.4;81;34.75;Beef / Pasta / Lamb;Italy;Puglia;Primitivo;2016;68;27;33;wood/black berries/red fruits
Cabreo;Il Borgo Toscana ;4.2;1167;38.2;Beef / Lamb / Veal;Italy;Tuscany;Sangiovese;2016;52;43;10;wood/herbaceous/black berries
Sandrone;Barolo Cannubi Boschis ;4.6;47;564.0;Beef / Pasta / Lamb;Italy;Barolo;Nebbiolo;1990;63;74;12;herbaceous/wood/red fruits
Fattoi;Brunello di Montalcino ;4.2;1303;34.99;Beef / Lamb / Game (deer, chamois);Italy;Brunello di Montalcino;Sangiovese;2013;51;57;5;wood/herbaceous/red fruits
Elio Grasso;Barolo Riserva Rüncot ;4.5;234;199.0;Beef / Pasta / Lamb;Italy;Barolo;Nebbiolo;2010;64;75;6;herbaceous/wood/red fruits
Pilandro;110 e Lode Merlot ;4.4;107;43.0;Beef / Pasta / Lamb;Italy;Veneto;Merlot;2015;70;51;19;
Bruno Giacosa;Falletto Barolo Le Rocche del Falletto Riserva ;4.6;68;399.0;Beef / Pasta / Lamb;Italy;Barolo;Nebbiolo;2011;62;78;19;herbaceous/red fruits/wood
Tenuta San Guido;Sassicaia ;4.6;6115;420.0;Beef / Pasta / Lamb;Italy;Bolgheri Sassicaia;Miscela;2015;62;64;10;wood/black berries/herbaceous
Masseria Borgo dei Trulli;Liala Negroamaro ;4.3;42;24.5;Beef / Pasta / Lamb;Italy;Salento;Negroamaro;2020;81;29;41;wood/black berries/red fruits
G.D. Vajra;Barolo Coste di Rose ;4.3;144;60.0;Beef / Pasta / Lamb;Italy;Barolo;Nebbiolo;2017;59;72;7;red fruits/herbaceous/wood
Argiano;Solengo ;4.3;390;63.0;Beef / Lamb / Veal;Italy;Tuscany;Cabernet Sauvignon;2014;55;44;11;wood/black berries/herbaceous
Argiano;Solengo ;4.3;617;122.0;Beef / Lamb / Veal;Italy;Tuscany;Miscela;2016;55;44;11;wood/black berries/herbaceous
Oasi degli Angeli;Kurni Marche ;4.6;127;114.9;Beef / Pasta / Veal;Italy;Marche;Montepulciano;2019;60;43;37;wood/black berries/red fruits
Volpaia;Casanova Il Puro Chianti Classico Gran Selezione ;4.5;31;110.0;Beef / Veal / Poultry;Italy;Chianti Classico;Sangiovese;2016;50;58;4;wood/herbaceous/black berries
Firriato;Camelot ;4.3;91;23.6;Beef / Pasta / Lamb;Italy;Terre Siciliane;Miscela;2015;79;43;27;wood/black berries/herbaceous
Querciabella;Toscana Camartina ;4.3;339;124.0;Beef / Lamb / Veal;Italy;Tuscany;Miscela;2011;53;43;13;wood/black berries/herbaceous
Masseria Borgo dei Trulli;Mirea Primitivo di Manduria ;4.5;144;24.5;Beef / Pasta / Lamb;Italy;Primitivo di Manduria;Primitivo;2020;76;23;45;black berries/wood/red fruits
Elena Walch;Lagrein Riserva Vigna Castel Ringberg ;4.3;237;36.49;Beef / Pasta / Lamb;Italy;SÃ¼dtirol - Alto Adige;Lagrein;2017;63;45;18;wood/black berries/herbaceous
Rocca di Frassinello;Baffonero Maremma Toscana ;4.5;117;203.0;Beef / Lamb / Veal;Italy;Maremma Tuscany;Merlot;2009;58;47;17;black berries/wood/herbaceous
Avignonesi;Grandi Annate Vino Nobile di Montepulciano ;4.3;500;69.9;Beef / Game (deer, chamois) / Poultry;Italy;Vino Nobile di Montepulciano;Sangiovese;2013;54;58;6;wood/herbaceous/red fruits
Elio Altare;Giàrborina ;4.3;25;108.0;Beef / Lamb / Game (deer, chamois);Italy;Langhe;Nebbiolo;2013;64;80;10;red fruits/wood/spezie
Collosorbo;Brunello di Montalcino ;4.2;1122;50.0;Beef / Lamb / Game (deer, chamois);Italy;Brunello di Montalcino;Sangiovese;2013;50;56;10;wood/red fruits/herbaceous
Bruno Giacosa;Falletto Barolo Le Rocche del Falletto ;4.6;49;1349.0;Beef / Pasta / Lamb;Italy;Barolo;Nebbiolo;1999;59;76;9;herbaceous/red fruits/wood
Renieri;Brunello di Montalcino ;4.3;324;89.9;Beef / Lamb / Game (deer, chamois);Italy;Brunello di Montalcino;Sangiovese;2016;50;56;3;wood/herbaceous/red fruits
Brunelli;Amarone della Valpolicella Classico ;4.4;255;41.29;Beef / Lamb / Game (deer, chamois);Italy;Amarone della Valpolicella Classico;Miscela;2018;85;22;49;wood/red fruits/black berries
Luigi Baudana;Barolo Cerretta ;4.3;221;80.0;Beef / Pasta / Lamb;Italy;Barolo;Nebbiolo;2016;64;76;7;herbaceous/red fruits/wood
E. Pira & Figli;Mosconi Barolo ;4.4;49;79.0;Beef / Pasta / Lamb;Italy;Barolo;Nebbiolo;2017;66;81;8;herbaceous/wood/red fruits
Tenuta Il Poggione;Brunello di Montalcino ;4.3;3276;53.98;Beef / Lamb / Game (deer, chamois);Italy;Brunello di Montalcino;Sangiovese;2015;50;58;8;wood/herbaceous/red fruits
Castello Nipozzano;Mormoreto Toscana ;4.4;26;49.1;Beef / Lamb / Veal;Italy;Tuscany;Miscela;2018;57;45;10;wood/black berries/herbaceous
Poggio di Sotto;Brunello di Montalcino ;4.6;165;150.0;Beef / Lamb / Game (deer, chamois);Italy;Brunello di Montalcino;Sangiovese;2016;46;56;8;herbaceous/wood/red fruits
Michele Chiarlo;Barolo Cerequio ;4.5;125;73.9;Beef / Pasta / Lamb;Italy;Barolo;Nebbiolo;2016;63;77;9;herbaceous/wood/red fruits
Valdicava;Brunello di Montalcino Riserva Madonna del Piano ;4.6;530;175.0;Beef / Lamb / Game (deer, chamois);Italy;Brunello di Montalcino;Sangiovese;2010;52;61;9;herbaceous/wood/black berries
Michele Chiarlo;Barolo Cerequio ;4.4;226;120.0;Beef / Pasta / Lamb;Italy;Barolo;Nebbiolo;2006;63;77;9;herbaceous/wood/red fruits
Feudi di San Gregorio;Pàtrimo ;4.3;131;122.0;Beef / Pasta / Lamb;Italy;Campania;Merlot;2009;83;44;30;wood/black berries/herbaceous
Castello dei Rampolla;Sammarco ;4.3;223;93.0;Beef / Lamb / Veal;Italy;Tuscany;Miscela;1999;55;48;11;wood/herbaceous/black berries
Antinori;Pian delle Vigne Brunello di Montalcino ;4.4;252;66.0;Beef / Lamb / Game (deer, chamois);Italy;Brunello di Montalcino;Sangiovese;2003;48;53;8;wood/herbaceous/red fruits
San Felice;Campogiovanni Brunello di Montalcino ;4.3;673;34.0;Beef / Lamb / Game (deer, chamois);Italy;Brunello di Montalcino;Sangiovese;2016;48;56;10;wood/herbaceous/black berries
Azienda Agricola Il Colle;Brunello di Montalcino ;4.3;29;53.5;Beef / Lamb / Game (deer, chamois);Italy;Brunello di Montalcino;Sangiovese;2016;45;55;8;herbaceous/wood/red fruits
Gian Piero Marrone;La Pantalera Barbera d'Alba Superiore ;4.4;29;32.0;Pasta / Veal / Pork;Italy;Barbera d'Alba;Barbera;2019;58;29;10;wood/herbaceous/black berries
Altesino;Brunello di Montalcino Riserva ;4.3;53;85.0;Beef / Lamb / Game (deer, chamois);Italy;Brunello di Montalcino;Sangiovese;2013;50;52;8;herbaceous/wood/red fruits
Produttori Vini Manduria;Elegia Primitivo di Manduria Riserva ;4.3;485;20.9;Beef / Pasta / Lamb;Italy;Primitivo di Manduria;Primitivo;2017;68;27;46;wood/black berries/red fruits
Bibi Graetz;Testamatta Toscana ;4.3;825;99.0;Beef / Lamb / Veal;Italy;Tuscany;Sangiovese;2018;50;43;9;wood/red fruits/herbaceous
Produttori del Barbaresco;Barbaresco Riserva Montestefano ;4.3;299;92.0;Beef / Pasta / Lamb;Italy;Barbaresco;Nebbiolo;2013;64;70;6;herbaceous/red fruits/wood
Giuseppe Rinaldi;Tre Tine Barolo ;4.4;242;444.0;Beef / Pasta / Lamb;Italy;Barolo;Nebbiolo;2011;58;79;7;red fruits/herbaceous/spezie
Roberto Voerzio;Rocche dell'Annunziata Torriglione Barolo ;4.4;117;260.0;Beef / Pasta / Lamb;Italy;Barolo;Nebbiolo;2001;62;80;10;herbaceous/red fruits/wood
Masseto;Toscana ;4.7;435;1600.02;Beef / Lamb / Veal;Italy;Tuscany;Merlot;1999;58;46;17;wood/black berries/herbaceous
Aldo Conterno;Barolo Bussia Cicala ;4.3;136;211.0;Beef / Pasta / Lamb;Italy;Barolo;Nebbiolo;1999;65;75;10;herbaceous/wood/red fruits
Mauro Molino;Barolo Conca ;4.3;201;72.4;Beef / Pasta / Lamb;Italy;Barolo;Nebbiolo;2014;65;76;10;wood/herbaceous/red fruits
Tenuta CastelGiocondo;Brunello di Montalcino ;4.2;3286;39.9;Beef / Lamb / Game (deer, chamois);Italy;Brunello di Montalcino;Sangiovese;2014;49;57;7;wood/herbaceous/red fruits
Tenuta San Guido;Sassicaia ;4.6;1958;470.0;Beef / Pasta / Lamb;Italy;Bolgheri Sassicaia;Cabernet Sauvignon;2001;62;64;10;wood/black berries/herbaceous
Piero Busso;Gallina Barbaresco ;4.5;47;104.0;Beef / Pasta / Lamb;Italy;Barbaresco;Nebbiolo;2015;57;66;9;red fruits/herbaceous/wood
Roberto Voerzio;Cerequio Barolo ;4.4;84;260.0;Beef / Pasta / Lamb;Italy;Barolo;Nebbiolo;1999;63;80;11;herbaceous/wood/red fruits
Lungarotti;Rubesco Vigna Monticchio Torgiano Rosso Riserva ;4.3;152;47.9;Beef / Pasta / Veal;Italy;Torgiano Rosso Riserva;Sangiovese;2016;51;46;8;wood/herbaceous/red fruits
Cuppari;San Placido Faro ;4.3;83;28.61;Beef / Pasta / Lamb;Italy;Terre Siciliane;Nero d'Avola;2012;85;43;20;herbaceous/black berries/red fruits
Caterina Zardini;Amarone della Valpolicella Classico Riserva ;4.5;209;37.7;Beef / Lamb / Game (deer, chamois);Italy;Amarone della Valpolicella Classico;Miscela;2015;85;28;48;wood/black berries/red fruits
Campo Alla Sughera;Campo Alla Sughera ;4.5;69;75.0;Beef / Lamb / Veal;Italy;Tuscany;Miscela;2012;55;40;15;wood/black berries/red fruits
Damilano;Barolo Raviole ;4.3;37;76.86;Beef / Pasta / Lamb;Italy;Barolo;Nebbiolo;2016;69;80;1;wood/red fruits/herbaceous
Piaggia;Carmignano Riserva ;4.3;594;48.0;Beef / Lamb / Veal;Italy;Carmignano;Miscela;2017;56;39;11;wood/black berries/red fruits
Cà dei Frati;Pietro Dal Cero Amarone della Valpolicella ;4.5;334;61.9;Beef / Lamb / Game (deer, chamois);Italy;Amarone della Valpolicella;Rondinella;2013;82;28;47;wood/black berries/red fruits
Tenuta San Guido;Sassicaia ;4.6;7136;335.0;Beef / Pasta / Lamb;Italy;Bolgheri Sassicaia;Miscela;2012;62;64;10;wood/black berries/herbaceous
Dal Forno Romano;Amarone della Valpolicella Monte Lodoletta ;4.7;1223;495.0;Beef / Lamb / Game (deer, chamois);Italy;Amarone della Valpolicella;Miscela;2006;85;30;51;wood/black berries/herbaceous
Casanova di Neri;Brunello di Montalcino ;4.4;3094;59.0;Beef / Lamb / Game (deer, chamois);Italy;Brunello di Montalcino;Sangiovese;2013;50;57;10;wood/herbaceous/red fruits
Bruno Giacosa;Falletto Barbaresco Asili ;4.4;218;155.0;Beef / Pasta / Lamb;Italy;Barbaresco;Nebbiolo;2015;58;67;9;herbaceous/red fruits/wood
Tassi;Brunello di Montalcino ;4.3;32;104.42;Beef / Lamb / Game (deer, chamois);Italy;Brunello di Montalcino;Sangiovese;2016;50;54;7;herbaceous/wood/red fruits
Masseto;Toscana ;4.7;317;1700.02;Beef / Lamb / Veal;Italy;Tuscany;Merlot;2000;58;46;17;wood/black berries/herbaceous
Bressan;Schioppettino ;4.4;34;42.89;Beef / Pasta / Lamb;Italy;Friuli Isonzo;Schioppettino;2016;64;43;14;spezie/wood/red fruits
Collemattoni;Riserva Vigna Fontelontano Brunello di Montalcino ;4.5;70;79.9;Beef / Lamb / Game (deer, chamois);Italy;Brunello di Montalcino;Sangiovese;2013;53;53;14;wood/herbaceous/black berries
Piero Busso;San Stunet S. Stefanetto Barbaresco ;4.3;48;85.0;Beef / Pasta / Lamb;Italy;Barbaresco;Nebbiolo;2018;60;69;7;red fruits/herbaceous/spezie
Biondi-Santi;Brunello di Montalcino Riserva ;4.5;44;1520.0;Beef / Lamb / Game (deer, chamois);Italy;Brunello di Montalcino;Sangiovese;1971;46;57;10;herbaceous/wood/red fruits
Tenuta di Trinoro;Toscana Rosso ;4.6;103;336.0;Beef / Lamb / Veal;Italy;Tuscany;Merlot;2016;56;44;20;black berries/wood/herbaceous
Sorelle Olivero;Barolo ;4.3;32;31.0;Beef / Pasta / Lamb;Italy;Barolo;Nebbiolo;2015;68;81;0;black berries/frutta secca/wood
Cupano;Brunello di Montalcino ;4.5;207;85.0;Beef / Lamb / Game (deer, chamois);Italy;Brunello di Montalcino;Sangiovese;2013;49;56;10;wood/herbaceous/red fruits
Biondi-Santi;Brunello di Montalcino ;4.5;74;376.0;Beef / Lamb / Game (deer, chamois);Italy;Brunello di Montalcino;Sangiovese;1982;47;57;8;herbaceous/wood/red fruits
Tenuta San Guido;Sassicaia ;4.6;3883;292.0;Beef / Pasta / Lamb;Italy;Bolgheri Sassicaia;Cabernet Sauvignon;2017;62;64;10;wood/black berries/herbaceous
Aldo Conterno;Barolo Riserva Granbussia ;4.5;27;690.0;Beef / Pasta / Lamb;Italy;Barolo;Nebbiolo;2010;62;77;12;herbaceous/wood/red fruits
Vietti;Barolo Ravera ;4.3;118;230.0;Beef / Pasta / Lamb;Italy;Barolo;Nebbiolo;2011;63;76;2;herbaceous/red fruits/wood
Luigi Tecce;Poliphemo Taurasi ;4.3;107;68.5;Beef / Pasta / Lamb;Italy;Taurasi;Aglianico;2014;85;52;23;herbaceous/wood/spezie
Comm. G.B. Burlotto;Barolo Vigneto Cannubi ;4.5;25;399.0;Beef / Pasta / Lamb;Italy;Barolo;Nebbiolo;2017;60;78;12;herbaceous/red fruits/wood
Tenuta San Guido;Sassicaia ;4.7;77;289.0;Beef / Pasta / Lamb;Italy;Bolgheri Sassicaia;Miscela;2019;62;64;10;wood/black berries/herbaceous
Gaja;Sperss Barolo ;4.5;40;299.0;Beef / Pasta / Lamb;Italy;Barolo;Nebbiolo;2017;64;77;8;herbaceous/wood/black berries
Tenute Rubino;Visellio Primitivo ;4.4;184;24.99;Beef / Pasta / Lamb;Italy;Salento;Primitivo;2016;69;25;43;wood/black berries/herbaceous
Biserno;Il Pino di Biserno ;4.3;1905;58.0;Beef / Lamb / Veal;Italy;Tuscany;Miscela;2016;56;43;17;wood/black berries/herbaceous
San Leonardo;San Leonardo ;4.3;842;87.0;Beef / Pasta / Lamb;Italy;Vigneti delle Dolomiti;Cabernet Sauvignon;2015;62;42;16;wood/herbaceous/black berries
Renieri;Brunello di Montalcino ;4.5;1382;152.0;Beef / Lamb / Game (deer, chamois);Italy;Brunello di Montalcino;Sangiovese;2015;50;56;3;wood/herbaceous/red fruits
Rocche dei Manzoni;Vigna Cappella di S. Stefano Perno Barolo ;4.4;35;69.55;Beef / Pasta / Lamb;Italy;Barolo;Nebbiolo;2016;62;76;7;wood/herbaceous/red fruits
Masca del Tacco;Lu Ceppu Negroamaro ;4.4;40;11.49;Beef / Pasta / Lamb;Italy;Puglia;Negroamaro;2020;83;37;28;red fruits/wood/black berries
Giacomo Conterno;Barolo Arione ;4.6;82;325.0;Beef / Pasta / Lamb;Italy;Barolo;Nebbiolo;2015;64;70;7;red fruits/wood/black berries
Argiolas;Korem Isola dei Nuraghi ;4.3;83;25.6;Beef / Pasta / Lamb;Italy;Isola dei Nuraghi;Graciano;2017;82;43;27;wood/black berries/herbaceous
Bruno Giacosa;Falletto Barolo Le Rocche del Falletto ;4.5;152;184.9;Beef / Pasta / Lamb;Italy;Barolo;Nebbiolo;2013;59;76;9;herbaceous/red fruits/wood
Antinori;Tenuta Guado al Tasso Il Bruciato Bolgheri ;4.2;5601;35.9;Beef / Pasta / Lamb;Italy;Bolgheri;Miscela;2019;67;63;10;wood/black berries/herbaceous
Aldo Conterno;Barolo Riserva Granbussia ;4.6;26;949.0;Beef / Pasta / Lamb;Italy;Barolo;Nebbiolo;1982;62;77;12;herbaceous/wood/red fruits
Luigi Einaudi;Bussia Barolo ;4.3;45;89.0;Beef / Pasta / Lamb;Italy;Barolo;Nebbiolo;2015;61;78;7;black berries/wood/herbaceous
Le Macchiole;Scrio ;4.4;118;259.0;Beef / Lamb / Veal;Italy;Tuscany;Shiraz/Syrah;2015;54;42;10;wood/black berries/spezie
Sandrone;Barolo Le Vigne ;4.4;50;135.0;Beef / Pasta / Lamb;Italy;Barolo;Nebbiolo;2017;62;76;10;herbaceous/wood/red fruits
Gaja;Sorì San Lorenzo ;4.5;26;480.0;Beef / Pasta / Lamb;Italy;Barbaresco;Nebbiolo;2017;63;73;12;herbaceous/wood/red fruits
Tenuta San Guido;Guidalberto ;4.2;2197;34.4;Beef / Lamb / Veal;Italy;Tuscany;Cabernet Sauvignon;2019;51;41;8;wood/black berries/herbaceous
Braida;Ai Suma Barbera d'Asti ;4.3;217;195.0;Pasta / Veal / Pork;Italy;Barbera d'Asti;Barbera;2012;60;27;14;wood/herbaceous/black berries
Gaja;Ca'Marcanda Promis Toscana ;4.2;1325;34.0;Beef / Lamb / Veal;Italy;Tuscany;Merlot;2019;49;40;6;wood/black berries/herbaceous
Arceno;Arcanum Il Fauno di Arcanum ;4.3;48;26.49;Beef / Lamb / Veal;Italy;Tuscany;Miscela;2019;52;41;4;black berries/herbaceous/wood
Emidio Pepe;Montepulciano d'Abruzzo ;4.3;169;212.0;Beef / Pasta / Veal;Italy;Montepulciano d'Abruzzo;Montepulciano;2005;39;43;9;herbaceous/black berries/red fruits
Rocca di Frassinello;Baffonero Maremma Toscana ;4.5;181;189.0;Beef / Lamb / Veal;Italy;Maremma Tuscany;Merlot;2015;58;47;17;black berries/wood/herbaceous
Tenuta San Guido;Sassicaia ;4.7;3295;450.0;Beef / Pasta / Lamb;Italy;Bolgheri Sassicaia;Miscela;2006;62;64;10;wood/black berries/herbaceous
La Spinetta;Vürsù Barbaresco Valeirano ;4.3;230;108.0;Beef / Pasta / Lamb;Italy;Barbaresco;Nebbiolo;2013;65;72;9;herbaceous/red fruits/wood
Grattamacco;Bolgheri Superiore ;4.3;128;62.9;Beef / Pasta / Lamb;Italy;Bolgheri Superiore;Miscela;2018;66;66;9;wood/black berries/herbaceous
Biondi-Santi;Brunello di Montalcino Riserva ;4.6;134;769.0;Beef / Lamb / Game (deer, chamois);Italy;Brunello di Montalcino;Sangiovese;2001;46;57;10;herbaceous/wood/red fruits
Canalicchio - Franco Pacenti;Brunello di Montalcino ;4.3;120;59.9;Beef / Lamb / Game (deer, chamois);Italy;Brunello di Montalcino;Sangiovese;2010;47;56;3;herbaceous/red fruits/wood
Masseto;Toscana ;4.7;116;949.0;Beef / Lamb / Veal;Italy;Tuscany;Merlot;2018;58;46;17;wood/black berries/herbaceous
Aldo Conterno;Barolo Bussia Romirasco ;4.5;93;283.0;Beef / Pasta / Lamb;Italy;Barolo;Nebbiolo;2014;62;78;9;wood/herbaceous/red fruits
Antinori;Tignanello ;4.5;10733;178.0;Beef / Lamb / Veal;Italy;Tuscany;Sangiovese;2012;53;42;11;wood/black berries/herbaceous
Bovio;Barolo ;4.3;163;34.2;Beef / Pasta / Lamb;Italy;Barolo;Nebbiolo;2016;64;76;5;red fruits/herbaceous/wood
Roberto Sarotto;Gaia Principe ;4.3;186;39.0;Beef / Pasta / Lamb;Italy;Barbaresco;Nebbiolo;2016;72;42;26;wood/red fruits/black berries
Arnaldo-Caprai;Malcompare Pinot Noir ;4.4;25;99.0;Beef / Pasta / Veal;Italy;Umbria;Pinot Nero;2016;53;35;23;red fruits/spezie/herbaceous
Masciarelli;Marina Cvetic Montepulciano d'Abruzzo Riserva ;4.2;1667;26.9;Beef / Pasta / Veal;Italy;Montepulciano d'Abruzzo;Montepulciano;2017;43;45;7;wood/black berries/herbaceous
Dal Forno Romano;Valpolicella Superiore Monte Lodoletta ;4.5;1678;152.0;Beef / Pasta / Veal;Italy;Valpolicella;Miscela;2008;54;39;25;wood/black berries/herbaceous
Castello Romitorio;Brunello di Montalcino Riserva ;4.5;264;135.0;Beef / Lamb / Game (deer, chamois);Italy;Brunello di Montalcino;Sangiovese;2007;48;60;6;wood/herbaceous/black berries
ARPEPE;Sassella Vigna Regina Riserva ;4.5;37;66.5;Beef / Lamb / Game (deer, chamois);Italy;Valtellina Superiore;Nebbiolo;2013;60;74;5;herbaceous/red fruits/wood
Luciano Arduini;Amarone della Valpolicella Classico ;4.4;204;26.0;Beef / Lamb / Game (deer, chamois);Italy;Amarone della Valpolicella Classico;Corvina;2018;85;26;45;wood/frutta secca/red fruits
Fèlsina;Colonia Chianti Classico Gran Selezione ;4.3;39;80.52;Beef / Veal / Poultry;Italy;Chianti Classico;Sangiovese;2017;53;62;10;wood/herbaceous/red fruits
Vallone;Graticciaia ;4.4;255;138.0;Beef / Pasta / Lamb;Italy;Salento;Negroamaro;2012;85;37;36;wood/black berries/herbaceous
Biserno;Il Pino di Biserno ;4.3;400;42.0;Beef / Lamb / Veal;Italy;Tuscany;Miscela;2019;56;43;17;wood/black berries/herbaceous
Borgogno;Barolo Cannubi ;4.3;150;74.5;Beef / Pasta / Lamb;Italy;Barolo;Nebbiolo;2013;62;77;5;herbaceous/red fruits/wood
Aia Vecchia;Sor Ugo Bolgheri Superiore ;4.3;668;33.5;Beef / Pasta / Lamb;Italy;Bolgheri Superiore;Cabernet Sauvignon;2018;68;65;12;wood/black berries/herbaceous
Ricasoli;Historia Familiae Toscana ;4.3;36;180.0;Beef / Lamb / Veal;Italy;Tuscany;Miscela;2011;52;48;18;herbaceous/black berries/wood
Roagna;Asili Barbaresco Vecchie Viti ;4.5;58;256.0;Beef / Pasta / Lamb;Italy;Barbaresco;Nebbiolo;2011;53;72;4;herbaceous/red fruits/spezie
Agostino Pavia & Figli;La Marescialla ;4.3;59;18.0;Pasta / Veal / Pork;Italy;Barbera d'Asti;Barbera;2018;58;26;11;black berries/wood/herbaceous
Soldera;Brunello di Montalcino Riserva ;4.5;162;1110.0;Beef / Lamb / Game (deer, chamois);Italy;Brunello di Montalcino;Sangiovese;1993;44;56;14;herbaceous/red fruits/wood
Casanova di Neri;Cerretalto Brunello di Montalcino ;4.7;635;310.0;Beef / Lamb / Game (deer, chamois);Italy;Brunello di Montalcino;Sangiovese;2008;55;59;12;wood/herbaceous/black berries
Gaja;Costa Russi (Barbaresco) Langhe ;4.7;170;490.0;Beef / Pasta / Lamb;Italy;Langhe;Miscela;2006;62;67;12;herbaceous/wood/black berries
Podere Còncori;Vigna Piezza ;4.3;77;27.49;Beef / Lamb / Veal;Italy;Tuscany;Shiraz/Syrah;2017;52;45;4;red fruits/black berries/wood
Podere Forte;Petrucci Melo ;4.5;30;265.0;Beef / Lamb / Veal;Italy;Orcia;Sangiovese;2016;55;30;17;wood/black berries/red fruits
Gaja;Ca'Marcanda Bolgheri ;4.5;59;119.0;Beef / Pasta / Lamb;Italy;Bolgheri;Merlot;2018;63;67;11;wood/black berries/herbaceous
Poggio Al Tesoro;Dedicato a Walter Bolgheri Superiore ;4.3;226;143.0;Beef / Lamb / Veal;Italy;Bolgheri Superiore;Cabernet Franc;2008;55;44;12;wood/black berries/spezie
Gaja;Barbaresco ;4.6;913;350.99;Beef / Pasta / Lamb;Italy;Barbaresco;Nebbiolo;2005;60;68;8;herbaceous/wood/red fruits
Tenuta Luce;Luce Brunello di Montalcino ;4.5;237;105.9;Beef / Lamb / Game (deer, chamois);Italy;Brunello di Montalcino;Sangiovese;2016;52;58;12;wood/herbaceous/black berries
Pianpolvere Soprano;Barolo Riserva ;4.3;51;135.0;Beef / Pasta / Lamb;Italy;Barolo;Nebbiolo;2009;66;74;14;herbaceous/wood/black berries
Giovanni Molettieri;Roboris Taurasi ;4.3;28;34.9;Beef / Pasta / Lamb;Italy;Taurasi;Aglianico;2015;78;51;13;wood/herbaceous/black berries
Ca’ del Baio;Asili Barbaresco Riserva ;4.4;39;75.0;Beef / Pasta / Lamb;Italy;Barbaresco;Nebbiolo;2013;62;60;4;wood/red fruits/herbaceous
Vietti;Barolo Lazzarito ;4.4;155;444.0;Beef / Pasta / Lamb;Italy;Barolo;Nebbiolo;2009;61;77;7;herbaceous/wood/red fruits
Feudi di San Gregorio;Pàtrimo ;4.3;77;95.0;Beef / Pasta / Lamb;Italy;Campania;Merlot;2001;83;44;30;wood/black berries/herbaceous
Sesti;Brunello di Montalcino ;4.4;347;49.9;Beef / Lamb / Game (deer, chamois);Italy;Brunello di Montalcino;Sangiovese;2013;46;53;8;red fruits/herbaceous/wood
Fontodi;Flaccianello della Pieve ;4.5;592;130.0;Beef / Lamb / Veal;Italy;Colli della Tuscany Centrale;Sangiovese;2017;55;46;10;wood/herbaceous/black berries
Radikon;Merlot ;4.5;33;169.0;Beef / Pasta / Lamb;Italy;Collio;Merlot;2006;67;43;18;herbaceous/wood/black berries
Rivella Serafino;Montestefano Barbaresco ;4.3;46;67.0;Beef / Pasta / Lamb;Italy;Barbaresco;Nebbiolo;2017;61;76;4;herbaceous/wood/red fruits
Mastrojanni;Brunello di Montalcino ;4.3;701;99.0;Beef / Lamb / Game (deer, chamois);Italy;Brunello di Montalcino;Sangiovese;2010;50;57;8;wood/herbaceous/red fruits
Hartmann Donà;Donà Noir ;4.3;63;61.9;Beef / Pasta / Lamb;Italy;SÃ¼dtirol - Alto Adige;Pinot Nero;2012;66;40;21;black berries/red fruits/wood
Gianfranco Fino;Es Più Sole ;4.3;99;56.1;Beef / Pasta / Lamb;Italy;Primitivo di Manduria;Primitivo;2018;70;20;54;black berries/wood/red fruits
E. Pira & Figli;Cannubi Barolo ;4.3;54;98.0;Beef / Pasta / Lamb;Italy;Barolo;Nebbiolo;2017;61;77;9;herbaceous/red fruits/wood
Vietti;Barolo Rocche di Castiglione ;4.3;85;265.0;Beef / Pasta / Lamb;Italy;Barolo;Nebbiolo;2011;61;76;13;herbaceous/red fruits/wood
Bartolo Mascarello;Barolo ;4.4;209;219.0;Beef / Pasta / Lamb;Italy;Barolo;Nebbiolo;2014;59;77;9;herbaceous/red fruits/wood
Tenuta di Trinoro;Palazzi Rosso Toscana ;4.3;97;215.0;Beef / Lamb / Veal;Italy;Tuscany;Merlot;2015;57;47;19;wood/black berries/herbaceous
Bibi Graetz;Colore Toscana ;4.4;113;375.0;Beef / Lamb / Veal;Italy;Tuscany;Sangiovese;2018;52;42;2;red fruits/wood/black berries
Ciacci Piccolomini d'Aragona;Brunello di Montalcino Riserva Pianrosso Santa Caterina d'Oro ;4.5;273;170.0;Beef / Lamb / Game (deer, chamois);Italy;Brunello di Montalcino;Sangiovese;2010;56;58;9;wood/herbaceous/red fruits
Borgoni;Borromeo Chianti Classico Riserva ;4.4;26;29.0;Beef / Veal / Poultry;Italy;Chianti Classico;Sangiovese;2016;53;56;1;black berries/wood/herbaceous
Marchesi di Gresy;Barbaresco Gaiun Martinenga ;4.3;49;88.2;Beef / Pasta / Lamb;Italy;Barbaresco;Nebbiolo;2015;61;69;10;wood/herbaceous/red fruits
Bertani;Amarone della Valpolicella Classico ;4.3;52;318.0;Beef / Lamb / Game (deer, chamois);Italy;Amarone della Valpolicella Classico;Miscela;1971;83;26;45;wood/frutta secca/herbaceous
Oasi degli Angeli;Kurni Marche ;4.7;711;134.0;Beef / Pasta / Veal;Italy;Marche;Montepulciano;2017;60;43;37;wood/black berries/red fruits
Firriato;Bayamore Rosso di Rossi ;4.3;26;10.9;Beef / Pasta / Lamb;Italy;Sicilia;Miscela;2020;61;34;57;red fruits/herbaceous/spezie
Gaja;Conteisa Barolo ;4.5;60;269.0;Beef / Pasta / Lamb;Italy;Barolo;Nebbiolo;2013;59;67;9;herbaceous/wood/red fruits
Gaja;Costa Russi (Barbaresco) Langhe ;4.5;91;598.0;Beef / Pasta / Lamb;Italy;Langhe;Nebbiolo;2009;62;67;12;herbaceous/wood/black berries
Bartolo Mascarello;Barolo ;4.5;88;430.0;Beef / Pasta / Lamb;Italy;Barolo;Nebbiolo;1999;59;77;9;herbaceous/red fruits/wood
Gaja;Sorì Tildìn (Barbaresco) Langhe ;4.7;188;547.0;Beef / Pasta / Lamb;Italy;Langhe;Nebbiolo;2000;64;69;9;herbaceous/wood/red fruits
Aldo Conterno;Barolo Bussia Colonnello ;4.4;201;115.8;Beef / Pasta / Lamb;Italy;Barolo;Nebbiolo;2014;64;79;10;herbaceous/red fruits/wood
Dievole;Vigna di Sessina Chianti Classico Gran Selezione ;4.3;236;39.99;na / na / na;Italy;Chianti Classico;Sangiovese;2015;57;54;15;red fruits/herbaceous/wood
Brunelli;Campo del Maestro Verona ;4.3;410;29.9;Beef / Pasta / Lamb;Italy;Verona;;2018;65;38;21;wood/red fruits/herbaceous
Pira Luigi;Barolo Marenca ;4.3;88;54.0;Beef / Pasta / Lamb;Italy;Barolo;Nebbiolo;2016;66;81;12;wood/herbaceous/red fruits
Vietti;Barolo Ravera ;4.3;102;180.0;Beef / Pasta / Lamb;Italy;Barolo;Nebbiolo;2013;63;76;2;herbaceous/red fruits/wood
Barbanera;Gigino 80 Anniversario Grande ;4.5;249;45.9;Beef / Lamb / Veal;Italy;Tuscany;Miscela;2015;60;38;25;wood/black berries/red fruits
Luccarelli;Il Bacca Old Vine Primitivo di Manduria ;4.4;134;26.9;Beef / Pasta / Lamb;Italy;Primitivo di Manduria;Primitivo;2018;69;27;42;wood/black berries/red fruits
Salvioni;Brunello di Montalcino ;4.5;422;170.0;Beef / Lamb / Game (deer, chamois);Italy;Brunello di Montalcino;Sangiovese;2012;50;58;15;herbaceous/wood/red fruits
Francesco Rinaldi & Figli;Barolo ;4.3;40;85.0;Beef / Pasta / Lamb;Italy;Barolo;Nebbiolo;1974;59;70;5;herbaceous/red fruits/wood
Gaja;Sorì San Lorenzo ;4.4;82;555.0;Beef / Pasta / Lamb;Italy;Barbaresco;Nebbiolo;2016;63;73;12;herbaceous/wood/red fruits
Lisini;Brunello di Montalcino ;4.3;844;45.9;Beef / Lamb / Game (deer, chamois);Italy;Brunello di Montalcino;Sangiovese;2012;48;57;10;wood/herbaceous/red fruits
Castello di Verduno;Barbaresco Rabaja Riserva ;4.3;39;59.0;Beef / Pasta / Lamb;Italy;Barbaresco;Nebbiolo;2015;67;77;10;herbaceous/red fruits/wood
Ca' del Bosco;Carmenero ;4.3;30;42.0;Beef / Pasta / Lamb;Italy;Vino d'Italia;Carménère;2016;63;41;15;black berries/wood/herbaceous
Dal Forno Romano;Amarone della Valpolicella Monte Lodoletta ;4.7;280;305.0;Beef / Lamb / Game (deer, chamois);Italy;Amarone della Valpolicella;Miscela;2013;85;30;51;wood/black berries/herbaceous
Valdicava;Brunello di Montalcino Riserva Madonna del Piano ;4.7;245;837.0;Beef / Lamb / Game (deer, chamois);Italy;Brunello di Montalcino;Sangiovese;2001;52;61;9;herbaceous/wood/black berries
Gaja;Pieve Santa Restituta Rennina Brunello di Montalcino ;4.4;30;203.0;Beef / Lamb / Game (deer, chamois);Italy;Brunello di Montalcino;Sangiovese;2016;47;59;11;herbaceous/wood/black berries
Biserno;Il Pino di Biserno ;4.4;1315;41.4;Beef / Lamb / Veal;Italy;Tuscany;Miscela;2018;56;43;17;wood/black berries/herbaceous
Marion;Amarone della Valpolicella ;4.5;58;48.8;Beef / Lamb / Game (deer, chamois);Italy;Amarone della Valpolicella;Corvina;2017;85;25;50;wood/black berries/frutta secca
Tommasi;Ca' Florian Amarone della Valpolicella Classico Riserva ;4.4;211;78.9;Beef / Lamb / Game (deer, chamois);Italy;Amarone della Valpolicella Classico;Miscela;2012;84;22;49;wood/black berries/herbaceous
Antinori;Tenuta Guado al Tasso Bolgheri Superiore ;4.4;752;444.0;Beef / Pasta / Lamb;Italy;Bolgheri Superiore;Miscela;2001;66;64;11;wood/black berries/herbaceous
Ciacci Piccolomini d'Aragona;Brunello di Montalcino ;4.3;552;41.5;Beef / Lamb / Game (deer, chamois);Italy;Brunello di Montalcino;Sangiovese;2016;46;56;7;wood/herbaceous/red fruits
Coppo;Pomorosso Barbera d'Asti ;4.3;52;48.9;Pasta / Veal / Pork;Italy;Barbera d'Asti;Barbera;2018;58;25;11;wood/black berries/red fruits
San Felice;Pugnitello ;4.4;54;27.0;Beef / Lamb / Veal;Italy;Tuscany;Pugnitello;2018;54;46;14;herbaceous/wood/black berries
La Magia;Brunello di Montalcino ;4.3;369;41.5;Beef / Lamb / Game (deer, chamois);Italy;Brunello di Montalcino;Sangiovese;2016;50;58;6;wood/herbaceous/red fruits
Pian dell'Orino;Vigneti del Versante Brunello di Montalcino ;4.3;26;105.0;Beef / Lamb / Game (deer, chamois);Italy;Brunello di Montalcino;Sangiovese;2016;52;52;13;wood/herbaceous/black berries
Mascarello Giuseppe e Figlio;Barolo Monprivato ;4.7;158;393.0;Beef / Pasta / Lamb;Italy;Barolo;Nebbiolo;2016;56;74;7;red fruits/herbaceous/wood
Masi;Costasera Amarone della Valpolicella Classico Riserva ;4.3;119;50.0;Beef / Lamb / Game (deer, chamois);Italy;Amarone della Valpolicella Classico;Miscela;2015;85;25;50;wood/black berries/herbaceous
Fattoria le Pupille;Saffredi ;4.4;353;81.7;Beef / Lamb / Veal;Italy;Maremma Tuscany;Miscela;2018;54;46;15;wood/black berries/herbaceous
Duca di Salaparuta;Duca Enrico Rosso ;4.3;29;59.0;Beef / Pasta / Lamb;Italy;Terre Siciliane;Nero d'Avola;2015;82;41;29;herbaceous/black berries/wood
De Stefani;Malanotte del Piave ;4.5;38;43.2;Beef / Pasta / Lamb;Italy;Piave Malanotte;Raboso Piave;2016;64;42;27;wood/black berries/herbaceous
San Felice;Campogiovanni Brunello di Montalcino Riserva Il Quercione ;4.3;58;169.0;Beef / Lamb / Game (deer, chamois);Italy;Brunello di Montalcino;Sangiovese;1997;50;53;11;herbaceous/wood/red fruits
Tenuta CastelGiocondo;Brunello di Montalcino ;4.3;6304;44.9;Beef / Lamb / Game (deer, chamois);Italy;Brunello di Montalcino;Sangiovese;2013;49;57;7;wood/herbaceous/red fruits
Aldo Conterno;Barolo Bussia Romirasco ;4.6;74;265.0;Beef / Pasta / Lamb;Italy;Barolo;Nebbiolo;2011;62;78;9;wood/herbaceous/red fruits
Hastae;Quorum Barbera d'Asti ;4.3;137;76.0;Pasta / Veal / Pork;Italy;Barbera d'Asti;Barbera;2001;63;24;6;wood/herbaceous/spezie
Caprili;Brunello di Montalcino Riserva ;4.4;104;70.0;Beef / Lamb / Game (deer, chamois);Italy;Brunello di Montalcino;Sangiovese;2010;47;55;7;herbaceous/wood/black berries
Valentini;Montepulciano d'Abruzzo ;4.5;62;227.9;Beef / Pasta / Veal;Italy;Montepulciano d'Abruzzo;Montepulciano;2015;39;42;16;herbaceous/wood/black berries
Antinori;Tignanello ;4.5;247;336.0;Beef / Lamb / Veal;Italy;Tuscany;Miscela;1985;53;42;11;wood/black berries/herbaceous
Tenute Dettori;Badde Nigolosu ;4.5;26;48.98;Beef / Pasta / Lamb;Italy;Romangia;Cannonau;2016;85;46;43;red fruits/wood/herbaceous
Tedeschi;Capitel Monte Olmi Amarone della Valpolicella Classico Riserva ;4.5;264;66.3;Beef / Lamb / Game (deer, chamois);Italy;Valpolicella;Miscela;2013;85;30;49;wood/black berries/herbaceous
Tenuta Santa Maria di Gaetano Bertani;Amarone della Valpolicella Classico Riserva ;4.5;170;67.5;Beef / Lamb / Game (deer, chamois);Italy;Amarone della Valpolicella Classico;Corvina;2015;82;23;47;black berries/wood/red fruits
Bruno Giacosa;Falletto Barbaresco Asili ;4.4;101;394.0;Beef / Pasta / Lamb;Italy;Barbaresco;Nebbiolo;1997;58;67;9;herbaceous/red fruits/wood
Poggio di Sotto;Rosso di Montalcino ;4.3;246;54.8;Beef / Lamb / Veal;Italy;Rosso di Montalcino;Sangiovese;2017;43;40;8;red fruits/herbaceous/wood
Mottura;Rosone ;4.3;235;12.49;Beef / Pasta / Lamb;Italy;Salento;Negroamaro;2019;76;35;40;wood/herbaceous/frutta secca
Poggio di Sotto;Brunello di Montalcino Riserva ;4.7;176;369.0;Beef / Lamb / Game (deer, chamois);Italy;Brunello di Montalcino;Sangiovese;2010;47;53;9;wood/herbaceous/red fruits
Terlan (Terlano);Lagrein Riserva Porphyr ;4.4;592;69.0;Beef / Pasta / Lamb;Italy;SÃ¼dtirol - Alto Adige;Lagrein;2016;68;42;20;black berries/wood/herbaceous
Dal Forno Romano;Valpolicella Superiore Monte Lodoletta ;4.5;1088;145.0;Beef / Pasta / Veal;Italy;Valpolicella;Miscela;2007;54;39;25;wood/black berries/herbaceous
Castello di Monsanto;Fabrizio Bianchi Sangioveto Grosso Toscana ;4.3;75;47.49;Beef / Lamb / Veal;Italy;Tuscany;Sangiovese;2016;56;49;17;wood/herbaceous/red fruits
Tenuta CastelGiocondo;Brunello di Montalcino ;4.2;2890;54.0;Beef / Lamb / Game (deer, chamois);Italy;Brunello di Montalcino;Sangiovese;2008;49;57;7;wood/herbaceous/red fruits
Giacomo Conterno;Barolo Cascina Francia ;4.6;497;289.0;Beef / Pasta / Lamb;Italy;Barolo;Nebbiolo;2012;62;76;8;herbaceous/red fruits/wood
Antinori;Tignanello ;4.5;9506;190.0;Beef / Lamb / Veal;Italy;Tuscany;Sangiovese;2011;53;42;11;wood/black berries/herbaceous
Tenuta CastelGiocondo;Ripe al Convento Brunello di Montalcino Riserva ;4.4;330;69.9;Beef / Lamb / Game (deer, chamois);Italy;Brunello di Montalcino;Sangiovese;2003;52;58;12;wood/herbaceous/black berries
Sesti;Brunello di Montalcino ;4.4;162;66.0;Beef / Lamb / Game (deer, chamois);Italy;Brunello di Montalcino;Sangiovese;2008;46;53;8;red fruits/herbaceous/wood
Patrizia Cencioni;Brunello di Montalcino ;4.3;216;37.9;Beef / Lamb / Game (deer, chamois);Italy;Brunello di Montalcino;Sangiovese;2016;50;61;10;wood/red fruits/herbaceous
Bruno Giacosa;Falletto Barolo Le Rocche del Falletto Riserva ;4.4;55;799.0;Beef / Pasta / Lamb;Italy;Barolo;Nebbiolo;2001;62;78;19;herbaceous/red fruits/wood
Soldera;Brunello di Montalcino Riserva ;4.5;65;1110.0;Beef / Lamb / Game (deer, chamois);Italy;Brunello di Montalcino;Sangiovese;1991;44;56;14;herbaceous/red fruits/wood
Capannelle;50 & 50 ;4.4;174;89.9;Beef / Lamb / Veal;Italy;Tuscany;Miscela;2016;53;46;12;wood/black berries/herbaceous
Tenuta Sette Ponti;Oreno Toscana ;4.3;481;76.0;Beef / Lamb / Veal;Italy;Tuscany;Miscela;2018;55;46;11;wood/black berries/herbaceous
Brezza;Bricco Sarmassa Barolo ;4.3;31;65.0;Beef / Pasta / Lamb;Italy;Barolo;Nebbiolo;2015;64;81;0;red fruits/herbaceous/wood
Biondi-Santi;Brunello di Montalcino Riserva ;4.6;86;725.0;Beef / Lamb / Game (deer, chamois);Italy;Brunello di Montalcino;Sangiovese;1995;46;57;10;herbaceous/wood/red fruits
Castellare;Toscana I Sodi di San Niccolo ;4.4;319;73.5;Beef / Lamb / Veal;Italy;Tuscany;Sangiovese;2017;51;44;13;wood/herbaceous/black berries
Gaja;Ca'Marcanda Magari ;4.3;701;51.9;Beef / Pasta / Lamb;Italy;Bolgheri;Merlot;2018;62;66;9;wood/black berries/herbaceous
Duemani;Duemani Cabernet Franc ;4.5;70;119.0;Beef / Lamb / Veal;Italy;Costa Tuscany;Cabernet Franc;2017;54;44;15;black berries/wood/herbaceous
La Massa;Giorgio Primo ;4.4;44;93.8;Beef / Lamb / Veal;Italy;Chianti Classico;Merlot;2017;57;45;13;wood/black berries/herbaceous
San Leonardo;San Leonardo ;4.3;299;75.0;Beef / Pasta / Lamb;Italy;Vigneti delle Dolomiti;Miscela;2016;62;42;16;wood/herbaceous/black berries
Gaja;Barbaresco ;4.5;167;198.0;Beef / Pasta / Lamb;Italy;Barbaresco;Nebbiolo;2018;60;68;8;herbaceous/wood/red fruits
Tenuta San Guido;Sassicaia ;4.7;6034;586.02;Beef / Pasta / Lamb;Italy;Bolgheri Sassicaia;Miscela;2009;62;64;10;wood/black berries/herbaceous
Ornellaia;Bolgheri Superiore ;4.6;901;279.0;Beef / Pasta / Lamb;Italy;Bolgheri Superiore;Merlot;1999;65;65;13;wood/black berries/herbaceous
Fattoria del Pino;Brunello di Montalcino ;4.4;102;44.95;Beef / Lamb / Game (deer, chamois);Italy;Brunello di Montalcino;Sangiovese;2016;45;54;7;herbaceous/red fruits/wood
Dal Forno Romano;Amarone della Valpolicella Monte Lodoletta ;4.7;851;478.0;Beef / Lamb / Game (deer, chamois);Italy;Amarone della Valpolicella;Miscela;2008;85;30;51;wood/black berries/herbaceous
Gaja;Barbaresco ;4.5;880;225.0;Beef / Pasta / Lamb;Italy;Barbaresco;Nebbiolo;2016;60;68;8;herbaceous/wood/red fruits
Le Macchiole;Messorio ;4.6;75;199.0;Beef / Lamb / Veal;Italy;Tuscany;Merlot;2017;55;43;15;wood/black berries/herbaceous
Quintarelli Giuseppe;Veneto Rosso del Bepi ;4.5;27;201.0;Beef / Pasta / Lamb;Italy;Veneto;Corvina;1996;67;40;28;wood/red fruits/herbaceous
Pian delle Querci;Brunello di Montalcino Riserva ;4.3;149;36.9;Beef / Lamb / Game (deer, chamois);Italy;Brunello di Montalcino;Sangiovese;2015;50;55;12;red fruits/wood/herbaceous
Bartolo Mascarello;Dolcetto d'Alba ;4.3;31;35.9;Beef / Pasta / Lamb;Italy;Dolcetto d'Alba;Dolcetto;2020;56;41;17;red fruits/black berries/herbaceous
Cascina Chicco;Roero Valmaggiore Riserva ;4.3;65;18.11;Beef / Lamb / Game (deer, chamois);Italy;Roero;Nebbiolo;2017;62;75;5;red fruits/wood/herbaceous
Colle Santa Mustiola;Poggio Ai Chiari ;4.3;222;53.3;Beef / Lamb / Veal;Italy;Tuscany;Sangiovese;2006;55;40;10;wood/herbaceous/red fruits
Ornellaia;Bolgheri Superiore ;4.5;239;350.0;Beef / Pasta / Lamb;Italy;Bolgheri Superiore;Miscela;1990;65;65;13;wood/black berries/herbaceous
Poggio Antico;Altero Brunello di Montalcino ;4.5;51;64.9;Beef / Lamb / Game (deer, chamois);Italy;Brunello di Montalcino;Sangiovese;2016;49;55;7;wood/herbaceous/red fruits
Cinciole;Camalaione ;4.4;68;43.99;Beef / Lamb / Veal;Italy;Chianti;Cabernet Sauvignon;2015;54;51;18;black berries/wood/herbaceous
Fuligni;Brunello di Montalcino ;4.4;207;92.0;Beef / Lamb / Game (deer, chamois);Italy;Tuscany;Sangiovese;2016;48;58;6;herbaceous/wood/red fruits
Giacomo Conterno;Barolo Riserva Monfortino ;4.6;210;1490.0;Beef / Pasta / Lamb;Italy;Barolo;Nebbiolo;2004;61;77;13;herbaceous/wood/red fruits
Siro Pacenti;Brunello di Montalcino ;4.3;47;76.0;Beef / Lamb / Game (deer, chamois);Italy;Brunello di Montalcino;Sangiovese;2008;49;56;4;herbaceous/wood/black berries
La Spinetta;Sezzana ;4.5;66;85.0;Beef / Lamb / Veal;Italy;Tuscany;Sangiovese;2001;50;42;8;wood/herbaceous/red fruits
Gualdo del Re;Cabraia Rosso Toscana ;4.3;59;70.0;Beef / Lamb / Veal;Italy;Tuscany;Miscela;2016;54;47;5;black berries/wood/Invecchiamento
Grattamacco;Bolgheri Superiore ;4.4;737;56.0;Beef / Pasta / Lamb;Italy;Bolgheri Superiore;Miscela;2017;66;66;9;wood/black berries/herbaceous
Banfi;Brunello di Montalcino ;4.2;1653;25.5;Beef / Lamb / Game (deer, chamois);Italy;Brunello di Montalcino;Sangiovese;2016;47;54;44;wood/herbaceous/red fruits
Gaja;Dagromis Barolo ;4.4;345;72.6;Beef / Pasta / Lamb;Italy;Barolo;Nebbiolo;2017;63;74;6;herbaceous/wood/red fruits
Tenuta Luce;Luce Brunello di Montalcino ;4.4;409;101.5;Beef / Lamb / Game (deer, chamois);Italy;Brunello di Montalcino;Sangiovese;2014;52;58;12;wood/herbaceous/black berries
San Valentino;Mascarin Syrah ;4.2;35;40.9;Beef / Pasta / Lamb;Italy;Emilia-Romagna;Shiraz/Syrah;2016;68;48;12;wood/spezie/black berries
Comm. G.B. Burlotto;Barolo Vigneto Cannubi ;4.3;128;399.0;Beef / Pasta / Lamb;Italy;Barolo;Nebbiolo;2012;60;78;12;herbaceous/red fruits/wood
Miani;Rosso ;4.3;58;135.0;Beef / Pasta / Lamb;Italy;Colli Orientali del Friuli;Miscela;2013;67;48;20;herbaceous/wood/black berries
Bruno Giacosa;Falletto Barolo Le Rocche del Falletto ;4.5;101;189.0;Beef / Pasta / Lamb;Italy;Barolo;Nebbiolo;2015;59;76;9;herbaceous/red fruits/wood
Tenuta Prima Pietra;Permassimo ;4.7;25;160.0;Beef / Lamb / Veal;Italy;Tuscany;Miscela;2017;62;49;0;spezie/herbaceous/red fruits
La Madonnina;Opera Omnia Bolgheri Superiore ;4.5;59;69.0;Beef / Pasta / Lamb;Italy;Bolgheri Superiore;Miscela;2016;70;62;17;herbaceous/black berries/red fruits
Montevertine;Le Pergole Torte ;4.5;464;444.0;Beef / Lamb / Veal;Italy;Tuscany;Sangiovese;2016;48;43;9;herbaceous/red fruits/wood
Ornellaia;Bolgheri Superiore ;4.6;1050;199.0;Beef / Pasta / Lamb;Italy;Bolgheri Superiore;Cabernet Sauvignon;2018;65;65;13;wood/black berries/herbaceous
Giacomo Conterno;Barolo Cascina Francia ;4.8;130;529.0;Beef / Pasta / Lamb;Italy;Barolo;Nebbiolo;2016;62;76;8;herbaceous/red fruits/wood
Argiano;Brunello di Montalcino ;4.3;1743;70.0;Beef / Lamb / Game (deer, chamois);Italy;Brunello di Montalcino;Sangiovese;2015;48;56;7;wood/herbaceous/red fruits
Donne Fittipaldi;Bolgheri Superiore ;4.3;37;37.0;Beef / Pasta / Lamb;Italy;Bolgheri Superiore;Miscela;2018;68;67;13;black berries/herbaceous/wood
Produttori Vini Manduria;Sonetto Primitivo di Manduria Riserva ;4.3;278;29.9;Beef / Pasta / Lamb;Italy;Primitivo di Manduria;Primitivo;2014;67;27;40;wood/black berries/frutta secca
Antonio Ferrari;Solaria Jonica ;4.5;274;82.9;Beef / Pasta / Lamb;Italy;Puglia;Sangiovese;1959;69;18;55;wood/frutta secca/Invecchiamento
Tenuta Giustini;Ad Hoc Primitivo di Manduria ;4.5;26;12.9;Beef / Pasta / Lamb;Italy;Primitivo di Manduria;Primitivo;2021;65;26;49;wood/red fruits/black berries
Castellare;Toscana I Sodi di San Niccolo ;4.3;661;76.0;Beef / Lamb / Veal;Italy;Tuscany;Miscela;2014;51;44;13;wood/herbaceous/black berries
Duemani;Suisassi Syrah ;4.4;102;118.0;Beef / Lamb / Veal;Italy;Costa Tuscany;Shiraz/Syrah;2016;56;46;10;wood/black berries/spezie
Cesari;Il Bosco Amarone Della Valpolicella Classico ;4.4;94;39.9;Beef / Lamb / Game (deer, chamois);Italy;Amarone della Valpolicella Classico;Miscela;2016;83;29;46;wood/black berries/red fruits
Biondi-Santi;Brunello di Montalcino Riserva ;4.7;311;769.0;Beef / Lamb / Game (deer, chamois);Italy;Brunello di Montalcino;Sangiovese;2004;46;57;10;herbaceous/wood/red fruits
Masseto;Toscana ;4.6;627;999.0;Beef / Lamb / Veal;Italy;Tuscany;Merlot;2014;58;46;17;wood/black berries/herbaceous
Le Mortelle;Poggio Alle Nane Maremma Toscana ;4.5;257;54.0;Beef / Lamb / Veal;Italy;Maremma Tuscany;Miscela;2018;58;40;15;black berries/wood/herbaceous
Comm. G.B. Burlotto;Barolo Acclivi ;4.3;169;318.0;Beef / Pasta / Lamb;Italy;Barolo;Nebbiolo;2015;61;78;7;red fruits/wood/herbaceous
Bruno Giacosa;Falletto Barbaresco Asili ;4.3;114;939.0;Beef / Pasta / Lamb;Italy;Barbaresco;Nebbiolo;2000;58;67;9;herbaceous/red fruits/wood
Castello Romitorio;Filo di Seta Brunello di Montalcino ;4.4;116;90.0;Beef / Lamb / Game (deer, chamois);Italy;Brunello di Montalcino;Sangiovese;2015;50;63;2;wood/herbaceous/red fruits
Cantine Leonardo da Vinci;Uve portate a Cesena ;4.4;137;14.89;Beef / Pasta / Lamb;Italy;Romagna;Sangiovese;2020;65;37;39;wood/black berries/red fruits
Tricerchi;AD 1441 Brunello di Montalcino ;4.3;46;71.0;Beef / Lamb / Game (deer, chamois);Italy;Brunello di Montalcino;Sangiovese;2016;52;60;0;wood/red fruits/herbaceous
Castello Nipozzano;Mormoreto Toscana ;4.3;911;68.0;Beef / Lamb / Veal;Italy;Tuscany;Miscela;2010;57;45;10;wood/black berries/herbaceous
SalvaTerra;Campocroce Amarone della Valpolicella ;4.3;181;40.9;Beef / Lamb / Game (deer, chamois);Italy;Amarone della Valpolicella;Miscela;2015;78;30;48;wood/red fruits/frutta secca
Gaja;Sperss Barolo ;4.6;597;330.0;Beef / Pasta / Lamb;Italy;Barolo;Miscela;2005;64;77;8;herbaceous/wood/black berries
Marcarini;La Serra Barolo ;4.3;58;53.0;Beef / Pasta / Lamb;Italy;Barolo;Nebbiolo;2010;59;78;6;herbaceous/red fruits/wood
Braida;Bricco della Bigotta Barbera d'Asti ;4.3;141;48.0;Pasta / Veal / Pork;Italy;Barbera d'Asti;Barbera;2017;60;27;17;wood/herbaceous/black berries
Gaja;Ca'Marcanda Bolgheri ;4.3;82;128.7;Beef / Pasta / Lamb;Italy;Bolgheri;Miscela;2017;63;67;11;wood/black berries/herbaceous
Mirafiore;Barolo Lazzarito ;4.3;114;59.9;Beef / Pasta / Lamb;Italy;Barolo;Nebbiolo;2015;65;75;5;herbaceous/wood/black berries
Siro Pacenti;Vecchie Vigne Brunello di Montalcino ;4.4;78;99.0;Beef / Lamb / Game (deer, chamois);Italy;Brunello di Montalcino;Sangiovese;2014;48;60;9;wood/herbaceous/red fruits
Giacomo Conterno;Barbera d'Alba Vigna Francia ;4.4;334;336.0;Pasta / Veal / Pork;Italy;Barbera d'Alba;Barbera;2010;58;26;10;wood/herbaceous/black berries
Oasi degli Angeli;Kurni Marche ;4.7;595;139.0;Beef / Pasta / Veal;Italy;Marche;Montepulciano;2018;60;43;37;wood/black berries/red fruits
La Braccesca;Maggiarino Vino Nobile di Montepulciano ;4.5;103;69.0;Beef / Game (deer, chamois) / Poultry;Italy;Vino Nobile di Montepulciano;Sangiovese;2015;57;53;0;black berries/wood/herbaceous
Castello dei Rampolla;d'Alceo ;4.3;264;161.0;Beef / Lamb / Veal;Italy;Tuscany;Miscela;2011;52;45;18;wood/black berries/herbaceous
Quintarelli Giuseppe;Veneto Alzero Cabernet ;4.8;50;345.0;Beef / Pasta / Lamb;Italy;Veneto;Miscela;2011;71;41;36;wood/black berries/herbaceous
Antinori;Tenuta Tignanello 'Solaia' ;4.7;1256;335.0;Beef / Lamb / Veal;Italy;Tuscany;Cabernet Sauvignon;2006;54;42;15;wood/black berries/herbaceous
Dal Cero;Amarone della Valpolicella ;4.4;142;45.89;Beef / Lamb / Game (deer, chamois);Italy;Amarone della Valpolicella;Miscela;2015;84;28;48;wood/frutta secca/herbaceous
Tenuta CastelGiocondo;Brunello di Montalcino Riserva ;4.4;31;161.0;Beef / Lamb / Game (deer, chamois);Italy;Brunello di Montalcino;Sangiovese;2010;47;59;16;wood/herbaceous/black berries
Bertani;Amarone della Valpolicella Classico ;4.7;57;510.0;Beef / Lamb / Game (deer, chamois);Italy;Amarone della Valpolicella Classico;Corvina;1968;83;26;45;wood/frutta secca/herbaceous
Il Marroneto;Brunello di Montalcino ;4.4;483;98.9;Beef / Lamb / Game (deer, chamois);Italy;Brunello di Montalcino;Sangiovese;2015;45;57;9;red fruits/herbaceous/wood
Poggiopiano;Taffe Tà ;4.6;27;79.9;Beef / Lamb / Veal;Italy;Tuscany;Colorino del Valdarno;2012;58;43;8;wood/spezie/black berries
Fontodi;Vigna del Sorbo Gran Selezione Chianti Classico ;4.3;115;66.9;Beef / Veal / Poultry;Italy;Chianti Classico;Sangiovese;2018;52;60;12;wood/herbaceous/red fruits
Quintarelli Giuseppe;Amarone della Valpolicella Classico ;4.8;890;658.0;Beef / Lamb / Game (deer, chamois);Italy;Amarone della Valpolicella Classico;Miscela;2000;83;26;50;wood/black berries/herbaceous
Quintarelli Giuseppe;Veneto Alzero Cabernet ;4.5;76;390.0;Beef / Pasta / Lamb;Italy;Veneto;Miscela;2012;71;41;36;wood/black berries/herbaceous
Ca' del Bosco;Maurizio Zanella Sebino ;4.4;125;59.0;Beef / Pasta / Lamb;Italy;Sebino;Sangiovese;2017;64;40;23;wood/black berries/herbaceous
Inama Azienda Agricola;Carmenere Riserva Colli Berici Oratorio Di San Lorenzo ;4.3;56;42.5;Beef / Pasta / Lamb;Italy;Colli Berici;Carménère;2016;68;40;17;wood/black berries/spezie
Domenico Clerico;Barolo Pajana ;4.3;84;89.0;Beef / Pasta / Lamb;Italy;Barolo;Nebbiolo;2015;65;81;11;wood/herbaceous/red fruits
Aldo Conterno;Barolo Riserva Granbussia ;4.6;41;628.0;Beef / Pasta / Lamb;Italy;Barolo;Nebbiolo;1985;62;77;12;herbaceous/wood/red fruits
Dezi;Solo ;4.3;62;35.0;Beef / Pasta / Veal;Italy;Marche;Sangiovese;2015;47;35;7;wood/black berries/herbaceous
Tommasi;Amarone della Valpolicella Classico ;4.3;786;33.8;Beef / Lamb / Game (deer, chamois);Italy;Amarone della Valpolicella Classico;Miscela;2017;85;23;49;wood/black berries/red fruits
Antinori;Tenuta Guado al Tasso Bolgheri Superiore ;4.6;2107;170.0;Beef / Pasta / Lamb;Italy;Bolgheri Superiore;Miscela;2016;66;64;11;wood/black berries/herbaceous
Poggio Antico;Altero Brunello di Montalcino ;4.4;384;63.0;Beef / Lamb / Game (deer, chamois);Italy;Brunello di Montalcino;Sangiovese;2010;49;55;7;wood/herbaceous/red fruits
Biserno;Bibbona ;4.5;163;125.0;Beef / Lamb / Veal;Italy;Tuscany;Cabernet Franc;2017;57;43;11;wood/black berries/herbaceous
Elio Altare;Arborina Barolo ;4.6;72;170.0;Beef / Pasta / Lamb;Italy;Barolo;Nebbiolo;2016;62;75;11;herbaceous/red fruits/wood
G.D. Vajra;Barolo Bricco Delle Viole ;4.4;35;99.0;Beef / Pasta / Lamb;Italy;Barolo;Nebbiolo;2018;61;78;5;herbaceous/red fruits/wood
La Spinetta;Vürsù Barolo Campè ;4.3;61;125.0;Beef / Pasta / Lamb;Italy;Barolo;Nebbiolo;2016;65;77;10;herbaceous/wood/red fruits
Masso Antico;Appassito Primitivo ;4.2;78;8.2;na / na / na;Italy;Salento;Primitivo;2021;66;22;47;wood/black berries/red fruits
Aldo Conterno;Barolo Bussia Colonnello ;4.3;36;105.0;Beef / Pasta / Lamb;Italy;Barolo;Nebbiolo;2017;64;79;10;herbaceous/red fruits/wood
Recchia;Cà Bertoldi Amarone della Valpolicella Classico ;4.4;49;42.8;Beef / Lamb / Game (deer, chamois);Italy;Amarone della Valpolicella Classico;Miscela;2013;85;20;46;wood/black berries/red fruits
Roberto Mazzi;Castel Amarone della Valpolicella Classico ;4.5;43;57.15;Beef / Lamb / Game (deer, chamois);Italy;Amarone della Valpolicella Classico;Miscela;2015;82;21;55;wood/frutta secca/black berries
Patrizia Cencioni;123 Brunello di Montalcino Riserva ;4.3;66;68.0;Beef / Lamb / Game (deer, chamois);Italy;Brunello di Montalcino;Sangiovese;2013;52;57;3;wood/red fruits/herbaceous
Duemani;Duemani Cabernet Franc ;4.5;186;115.0;Beef / Lamb / Veal;Italy;Costa Tuscany;Cabernet Franc;2013;54;44;15;black berries/wood/herbaceous
Vietti;Barolo Lazzarito ;4.4;82;345.0;Beef / Pasta / Lamb;Italy;Barolo;Nebbiolo;2016;61;77;7;herbaceous/wood/red fruits
Guido Porro;V. Lazzairasco Barolo ;4.3;90;43.0;Beef / Pasta / Lamb;Italy;Barolo;Nebbiolo;2017;59;74;5;red fruits/herbaceous/wood
Prunotto;Barolo Bussia ;4.3;501;67.45;Beef / Pasta / Lamb;Italy;Barolo;Nebbiolo;2016;61;73;8;red fruits/herbaceous/wood
Palari;Faro ;4.3;224;37.25;Beef / Pasta / Lamb;Italy;Faro;Nerello Mascalese;2013;75;44;22;herbaceous/wood/red fruits
Antinori;Tenuta Guado al Tasso Bolgheri Superiore ;4.4;509;210.0;Beef / Pasta / Lamb;Italy;Bolgheri Superiore;Miscela;2004;66;64;11;wood/black berries/herbaceous
Stella di Campalto;Brunello di Montalcino ;4.4;82;340.0;Beef / Lamb / Game (deer, chamois);Italy;Brunello di Montalcino;Sangiovese;2004;43;56;6;red fruits/wood/herbaceous
Zenato;Amarone della Valpolicella Classico ;4.4;667;39.5;Beef / Lamb / Game (deer, chamois);Italy;Amarone della Valpolicella Classico;Corvina;2017;85;24;51;wood/black berries/frutta secca
Tenuta di Nozzole;Toscana Il Pareto ;4.5;142;45.0;Beef / Lamb / Veal;Italy;Tuscany;Cabernet Sauvignon;2017;58;44;15;wood/black berries/herbaceous
Tenuta La Fuga;Brunello di Montalcino Riserva Le Due Sorelle ;4.3;94;68.2;Beef / Lamb / Game (deer, chamois);Italy;Brunello di Montalcino;Sangiovese;2011;53;49;8;wood/black berries/herbaceous
Vietti;Barolo Lazzarito ;4.3;161;135.0;Beef / Pasta / Lamb;Italy;Barolo;Nebbiolo;2012;61;77;7;herbaceous/wood/red fruits
Le Macchiole;Messorio ;4.7;240;336.0;Beef / Lamb / Veal;Italy;Tuscany;Merlot;2005;55;43;15;wood/black berries/herbaceous
Emidio Pepe;Montepulciano d'Abruzzo ;4.3;300;168.0;Beef / Pasta / Veal;Italy;Montepulciano d'Abruzzo;Montepulciano;2015;39;43;9;herbaceous/black berries/red fruits
Ricasoli;Colledilà Chianti Classico Gran Selezione ;4.3;342;54.0;Beef / Veal / Poultry;Italy;Chianti Classico;Sangiovese;2016;47;56;5;wood/red fruits/herbaceous
Gaja;Sperss Barolo ;4.6;535;459.0;Beef / Pasta / Lamb;Italy;Barolo;Nebbiolo;1997;64;77;8;herbaceous/wood/black berries
Sesti;Phenomena Brunello di Montalcino Riserva ;4.7;25;85.0;Beef / Lamb / Game (deer, chamois);Italy;Brunello di Montalcino;Sangiovese;2015;45;53;10;wood/red fruits/herbaceous
Rocche dei Manzoni;Vigna Madonna Assunta La Villa Barolo Riserva ;4.5;54;274.0;Beef / Pasta / Lamb;Italy;Barolo;Nebbiolo;2007;66;72;9;herbaceous/wood/red fruits
Ornellaia;Bolgheri Superiore ;4.6;2995;393.0;Beef / Pasta / Lamb;Italy;Bolgheri Superiore;Miscela;2011;65;65;13;wood/black berries/herbaceous
Paolo Scavino;Bric Dël Fiasc Barolo ;4.3;59;107.0;Beef / Pasta / Lamb;Italy;Barolo;Nebbiolo;2017;63;77;8;herbaceous/wood/red fruits
Fèlsina;Fontalloro ;4.2;1219;74.0;Beef / Lamb / Veal;Italy;Tuscany;Sangiovese;2016;51;45;10;wood/herbaceous/red fruits
Casanova di Neri;Cerretalto Brunello di Montalcino ;4.7;275;285.0;Beef / Lamb / Game (deer, chamois);Italy;Brunello di Montalcino;Sangiovese;2013;55;59;12;wood/herbaceous/black berries
La Spinetta;Vürsù Barolo Campè ;4.5;537;167.31;Beef / Pasta / Lamb;Italy;Barolo;Nebbiolo;2006;65;77;10;herbaceous/wood/red fruits
Palari;Faro ;4.3;36;43.65;Beef / Pasta / Lamb;Italy;Faro;Nerello Mascalese;2015;75;44;22;herbaceous/wood/red fruits
Tenuta CastelGiocondo;Brunello di Montalcino ;4.3;1916;35.2;Beef / Lamb / Game (deer, chamois);Italy;Brunello di Montalcino;Sangiovese;2016;49;57;7;wood/herbaceous/red fruits
Biserno;Lodovico ;4.7;211;589.0;Beef / Lamb / Veal;Italy;Tuscany;Miscela;2007;59;41;15;wood/black berries/herbaceous
Tenuta San Guido;Sassicaia ;4.6;6742;490.0;Beef / Pasta / Lamb;Italy;Bolgheri Sassicaia;Cabernet Sauvignon;2013;62;64;10;wood/black berries/herbaceous
La Spinetta;Vürsù Barolo Campè ;4.5;386;124.9;Beef / Pasta / Lamb;Italy;Barolo;Nebbiolo;2012;65;77;10;herbaceous/wood/red fruits
Roagna;La Pira Barolo Vecchie Viti ;4.4;107;310.0;Beef / Pasta / Lamb;Italy;Barolo;Nebbiolo;2011;60;80;12;herbaceous/wood/red fruits
Isole e Olena;Syrah Toscana Collezione Privata ;4.3;27;52.8;Beef / Lamb / Veal;Italy;Tuscany;Shiraz/Syrah;2018;53;44;11;black berries/wood/herbaceous
Petrolo;Galatrona ;4.4;116;114.0;Beef / Lamb / Veal;Italy;Tuscany;Merlot;2019;55;43;14;wood/black berries/herbaceous
Aldo Conterno;Barolo Bussia ;4.4;144;79.9;Beef / Pasta / Lamb;Italy;Barolo;Nebbiolo;2016;61;78;7;herbaceous/red fruits/wood
Domini Veneti;Collezione Pruviniano Amarone della Valpolicella Classico ;4.6;29;30.5;Beef / Lamb / Game (deer, chamois);Italy;Amarone della Valpolicella Classico;Miscela;2018;83;30;43;black berries/wood/herbaceous
Cupano;Brunello di Montalcino ;4.6;131;135.0;Beef / Lamb / Game (deer, chamois);Italy;Brunello di Montalcino;Sangiovese;2015;49;56;10;wood/herbaceous/red fruits
Castell'in Villa;Poggio delle Rosé Riserva Chianti Classico ;4.3;69;98.99;Beef / Veal / Poultry;Italy;Chianti Classico;Sangiovese;2010;48;58;18;wood/herbaceous/black berries
La Massa;Giorgio Primo ;4.6;149;89.9;Beef / Lamb / Veal;Italy;Chianti Classico;Cabernet Sauvignon;2016;57;45;13;wood/black berries/herbaceous
Castello di Ama;Chianti Classico Vigneto Gran Selezione San Lorenzo ;4.2;1591;68.0;Beef / Veal / Poultry;Italy;Chianti Classico;Sangiovese;2010;46;58;7;red fruits/wood/herbaceous
Prà;Morandina Amarone della Valpolicella ;4.4;293;46.9;Beef / Lamb / Game (deer, chamois);Italy;Amarone della Valpolicella;Miscela;2015;85;35;36;wood/herbaceous/spezie
Masseto;Toscana ;4.7;163;1800.02;Beef / Lamb / Veal;Italy;Tuscany;Merlot;1994;58;46;17;wood/black berries/herbaceous
Bindi Sergardi;Mocenni Numero 89 Gran Selezione Chianti Classico ;4.3;162;45.0;Beef / Veal / Poultry;Italy;Chianti Classico;Sangiovese;2015;51;60;4;wood/black berries/red fruits
Castello di Ama;L'Apparita ;4.5;91;265.0;Beef / Lamb / Veal;Italy;Tuscany;Merlot;1995;53;43;13;wood/herbaceous/black berries
Rocche dei Manzoni;Bricco Manzoni ;4.3;112;34.0;Beef / Pasta / Lamb;Italy;Langhe;Miscela;2015;66;49;14;wood/herbaceous/red fruits
Sesti;Phenomena Brunello di Montalcino Riserva ;4.3;102;182.0;Beef / Lamb / Game (deer, chamois);Italy;Brunello di Montalcino;Sangiovese;2006;45;53;10;wood/red fruits/herbaceous
Giacomo Conterno;Barolo Cerretta ;4.6;45;393.0;Beef / Pasta / Lamb;Italy;Barolo;Nebbiolo;2015;63;76;12;herbaceous/red fruits/wood
Vigneti del Salento;Vigne Vecchie Leggenda Primitivo di Manduria ;4.3;127;35.0;Beef / Pasta / Lamb;Italy;Primitivo di Manduria;Primitivo;2019;72;24;44;wood/black berries/herbaceous
Antinori;Tignanello ;4.5;2456;265.0;Beef / Lamb / Veal;Italy;Tuscany;Miscela;2006;53;42;11;wood/black berries/herbaceous
Mauro Sebaste;Costemonghisio Nizza ;4.3;42;32.9;Beef / Pasta / Lamb;Italy;Barbera d'Asti;Barbera;2016;72;34;10;wood/herbaceous/red fruits
La Spinetta;Vürsù Barbaresco Starderi ;4.3;59;115.0;Beef / Pasta / Lamb;Italy;Barbaresco;Nebbiolo;2016;65;74;9;herbaceous/wood/red fruits
Sono Montenidoli;Son Montenidoli Rosso ;4.3;33;55.5;Beef / Lamb / Veal;Italy;Tuscany;Sangiovese;2015;54;57;0;red fruits/spezie/herbaceous
Ca' del Bosco;Ilmerlot ;4.3;62;70.3;Beef / Pasta / Lamb;Italy;Lombardia;Merlot;2009;68;32;3;black berries/herbaceous/red fruits
Marchesi di Gresy;Barbaresco Martinenga ;4.3;348;67.6;Beef / Pasta / Lamb;Italy;Barbaresco;Nebbiolo;2016;61;69;4;herbaceous/red fruits/wood
Feudo Croce;Imperio LXXIV Primitivo di Manduria ;4.4;564;24.5;Beef / Pasta / Lamb;Italy;Primitivo di Manduria;Primitivo;2019;70;24;42;wood/black berries/herbaceous
Ricasoli;Roncicone Chianti Classico Gran Selezione ;4.3;82;145.0;Beef / Lamb / Veal;Italy;Chianti Classico;Sangiovese;2016;54;56;2;herbaceous/wood/red fruits
Feudi di San Gregorio;Pàtrimo ;4.4;89;122.0;Beef / Pasta / Lamb;Italy;Campania;Merlot;2002;83;44;30;wood/black berries/herbaceous
Elio Altare;Arborina Barolo ;4.5;52;177.0;Beef / Pasta / Lamb;Italy;Barolo;Nebbiolo;2001;62;75;11;herbaceous/red fruits/wood
Caparzo;La Casa Brunello di Montalcino ;4.4;194;47.9;Beef / Lamb / Game (deer, chamois);Italy;Brunello di Montalcino;Sangiovese;2016;48;54;7;wood/herbaceous/red fruits
Orma;Toscana ;4.4;212;63.5;Beef / Lamb / Veal;Italy;Tuscany;Merlot;2018;57;45;13;black berries/wood/herbaceous
Vietti;Barolo Rocche di Castiglione ;4.4;46;180.0;Beef / Pasta / Lamb;Italy;Barolo;Nebbiolo;2015;61;76;13;herbaceous/red fruits/wood
Varvaglione;Cosimo Varvaglione Collezione Privata Primitivo di Manduria ;4.4;320;32.5;Beef / Pasta / Lamb;Italy;Primitivo di Manduria;Primitivo;2017;69;24;46;wood/black berries/herbaceous
Le Macchiole;Scrio ;4.4;50;149.0;Beef / Lamb / Veal;Italy;Tuscany;Shiraz/Syrah;1999;54;42;10;wood/black berries/spezie
Giuseppe Sedilesu;Riserva Cannonau di Sardegna ;4.3;150;38.9;Beef / Pasta / Lamb;Italy;Cannonau di Sardegna;Cannonau;2010;70;51;0;herbaceous/wood/spezie
Ciacci Piccolomini d'Aragona;Brunello di Montalcino Pianrosso ;4.3;46;54.0;Beef / Lamb / Game (deer, chamois);Italy;Brunello di Montalcino;Sangiovese;2017;47;55;8;herbaceous/wood/red fruits
Masi;Mazzano Amarone Della Valpolicella Classico ;4.4;218;108.0;Beef / Lamb / Game (deer, chamois);Italy;Amarone della Valpolicella Classico;Corvina;2012;85;32;48;wood/black berries/herbaceous
Bertani;Amarone della Valpolicella Classico ;4.4;27;376.0;Beef / Lamb / Game (deer, chamois);Italy;Amarone della Valpolicella Classico;Corvina;1978;83;26;45;wood/frutta secca/herbaceous
Tenuta di Nozzole;Toscana Il Pareto ;4.4;58;75.0;Beef / Lamb / Veal;Italy;Tuscany;Cabernet Sauvignon;1997;58;44;15;wood/black berries/herbaceous
Tommasi;De Buris Amarone della Valpolicella Classico Riserva ;4.7;282;290.0;Beef / Lamb / Game (deer, chamois);Italy;Amarone della Valpolicella Classico;Miscela;2008;72;24;46;wood/black berries/herbaceous
Girolamo;Conte Giangirolamo ;4.4;585;25.0;Beef / Pasta / Lamb;Italy;Puglia;Miscela;2016;80;40;25;wood/black berries/red fruits
Isole e Olena;Cepparello Red ;4.3;215;147.0;Beef / Lamb / Veal;Italy;Tuscany;Sangiovese;2005;51;43;10;wood/red fruits/herbaceous
Tenuta San Guido;Sassicaia ;4.6;35;1220.0;Beef / Pasta / Lamb;Italy;Bolgheri Sassicaia;Sangiovese;1968;62;64;10;wood/black berries/herbaceous
Antinori;Tenuta Guado al Tasso Matarocchio ;4.5;111;478.0;Beef / Lamb / Veal;Italy;Maremma Tuscany;Cabernet Franc;2015;54;45;12;black berries/wood/herbaceous
Bartolo Mascarello;Barolo ;4.7;38;1964.0;Beef / Pasta / Lamb;Italy;Barolo;Nebbiolo;1985;59;77;9;herbaceous/red fruits/wood
Antinori;Tenuta Tignanello 'Solaia' ;4.7;1421;600.0;Beef / Lamb / Veal;Italy;Tuscany;Cabernet Sauvignon;2001;54;42;15;wood/black berries/herbaceous
Poggio di Sotto;Brunello di Montalcino ;4.7;32;149.5;Beef / Lamb / Game (deer, chamois);Italy;Brunello di Montalcino;Sangiovese;2017;46;56;8;herbaceous/wood/red fruits
Biondi-Santi;Brunello di Montalcino ;4.5;61;189.0;Beef / Lamb / Game (deer, chamois);Italy;Brunello di Montalcino;Sangiovese;2016;47;57;8;herbaceous/wood/red fruits
Bruno Giacosa;Falletto Barolo ;4.4;101;195.0;Beef / Pasta / Lamb;Italy;Barolo;Nebbiolo;2014;60;75;10;herbaceous/red fruits/wood
Gaja;Conteisa Langhe ;4.4;135;299.0;Beef / Pasta / Lamb;Italy;Langhe;Miscela;2013;63;41;20;wood/herbaceous/red fruits
Mazzei;Siepi ;4.3;97;143.0;Beef / Lamb / Veal;Italy;Tuscany;Sangiovese;1997;55;42;13;wood/black berries/herbaceous
Ceraudo;Petraro ;4.3;27;26.0;Beef / Pasta / Lamb;Italy;Val di Neto;Miscela;2017;85;46;18;wood/black berries/herbaceous
Corte Sant'Alda;Valmezzane Amarone della Valpolicella ;4.4;138;64.5;Beef / Lamb / Game (deer, chamois);Italy;Amarone della Valpolicella;Miscela;2013;83;24;49;wood/frutta secca/black berries
Gaja;Barbaresco ;4.5;1548;279.0;Beef / Pasta / Lamb;Italy;Barbaresco;Nebbiolo;2011;60;68;8;herbaceous/wood/red fruits
Gaja;Costa Russi (Barbaresco) Langhe ;4.6;111;399.6;Beef / Pasta / Lamb;Italy;Langhe;Nebbiolo;2014;62;67;12;herbaceous/wood/black berries
Tenuta Sant'Antonio;Lilium Est Amarone Della Valpolicella Riserva ;4.4;42;115.0;Beef / Lamb / Game (deer, chamois);Italy;Amarone della Valpolicella;Miscela;2010;85;27;55;wood/black berries/herbaceous
Massolino;Barolo Riserva Vigna Rionda ;4.4;73;125.0;Beef / Pasta / Lamb;Italy;Barolo;Nebbiolo;2015;63;77;10;herbaceous/wood/red fruits
Bastioni della Rocca;Appassimento ;4.3;457;7.5;na / na / na;Italy;Puglia;Miscela;2020;72;27;49;wood/black berries/herbaceous
Petrolo;Galatrona ;4.3;439;186.0;Beef / Lamb / Veal;Italy;Tuscany;Merlot;2010;55;43;14;wood/black berries/herbaceous
Coppo;Nizza 'Bric del Marchese' ;4.5;28;63.5;Pasta / Veal / Pork;Italy;Nizza;Barbera;2017;55;38;0;black berries/spezie/agrume
Musella;Amarone ;4.3;54;40.92;Beef / Lamb / Game (deer, chamois);Italy;Amarone della Valpolicella;Corvinone;2013;85;23;50;wood/frutta secca/red fruits
Masi;Costasera Amarone della Valpolicella Classico ;4.3;530;181.0;Beef / Lamb / Game (deer, chamois);Italy;Amarone della Valpolicella Classico;Corvina;1998;85;24;48;wood/black berries/herbaceous
Montonale;La Conta ;4.3;49;28.0;Beef / Pasta / Lamb;Italy;Lombardia;Miscela;2018;60;37;23;wood/black berries/red fruits
Cesari;Amarone della Valpolicella Classico ;4.2;2856;35.99;Beef / Lamb / Game (deer, chamois);Italy;Amarone della Valpolicella Classico;Corvina;2015;85;23;46;wood/black berries/herbaceous
Podere Sapaio;Sapaio Bolgheri Superiore ;4.4;96;74.9;Beef / Pasta / Lamb;Italy;Bolgheri Superiore;Miscela;2017;67;72;10;black berries/wood/herbaceous
Roberto Mazzi;Punta di Villa Amarone della Valpolicella Classico ;4.4;43;49.89;Beef / Lamb / Game (deer, chamois);Italy;Amarone della Valpolicella Classico;Miscela;2016;85;20;49;wood/black berries/herbaceous
Roccheviberti;Rocche di Castiglione Barolo ;4.3;117;48.0;Beef / Pasta / Lamb;Italy;Barolo;Nebbiolo;2014;63;77;2;red fruits/herbaceous/wood
Capannelle;50 & 50 ;4.4;1374;129.0;Beef / Lamb / Veal;Italy;Tuscany;Miscela;2013;53;46;12;wood/black berries/herbaceous
Pietradolce;Vigna Barbagalli Etna Rosso ;4.3;97;165.0;Beef / Pasta / Lamb;Italy;Etna;Nerello Mascalese;2016;74;50;20;herbaceous/red fruits/wood
Biondi-Santi;Brunello di Montalcino Riserva ;4.6;44;490.0;Beef / Lamb / Game (deer, chamois);Italy;Brunello di Montalcino;Sangiovese;2013;46;57;10;herbaceous/wood/red fruits
Cupano;Brunello di Montalcino Riserva ;4.5;118;149.01;Beef / Lamb / Game (deer, chamois);Italy;Brunello di Montalcino;Sangiovese;2007;54;56;12;wood/herbaceous/red fruits
Allegrini;La Poja (Monovitigno Corvina Veronese) ;4.4;65;99.0;Beef / Pasta / Lamb;Italy;Verona;Corvina;2016;66;40;22;wood/black berries/herbaceous
Brandini;Resa 56 Barolo ;4.3;30;66.44;Beef / Pasta / Lamb;Italy;Barolo;Nebbiolo;2014;65;81;9;herbaceous/red fruits/wood
Cordero di Montezemolo;Barolo Enrico VI ;4.4;88;79.0;Beef / Pasta / Lamb;Italy;Barolo;Nebbiolo;2017;60;72;9;herbaceous/wood/black berries
Gagliole;Gagliole (Rosso) ;4.5;32;55.0;Beef / Lamb / Veal;Italy;Colli della Tuscany Centrale;Sangiovese;2018;50;43;16;wood/black berries/herbaceous
Roberto Voerzio;Brunate Barolo ;4.7;88;675.0;Beef / Pasta / Lamb;Italy;Barolo;Nebbiolo;2000;65;80;10;herbaceous/wood/red fruits
Caprili;Brunello di Montalcino ;4.3;728;44.0;Beef / Lamb / Game (deer, chamois);Italy;Brunello di Montalcino;Sangiovese;2015;50;60;4;wood/red fruits/herbaceous
Roberto Voerzio;La Serra Barolo ;4.5;98;251.0;Beef / Pasta / Lamb;Italy;Barolo;Nebbiolo;1999;62;78;15;herbaceous/red fruits/wood
Pieropan;Amarone della Valpolicella Vigna Garzon ;4.4;918;50.6;Beef / Lamb / Game (deer, chamois);Italy;Amarone della Valpolicella;Miscela;2015;83;24;47;wood/black berries/red fruits
Tenuta CastelGiocondo;Lamaione Toscana ;4.4;333;44.9;Beef / Lamb / Veal;Italy;Tuscany;Merlot;2012;54;41;12;wood/black berries/herbaceous
G.D. Vajra;Barolo Bricco Delle Viole ;4.3;300;84.0;Beef / Pasta / Lamb;Italy;Barolo;Nebbiolo;2017;61;78;5;herbaceous/red fruits/wood
Bruno Giacosa;Falletto Barbaresco Rabaja ;4.3;68;154.0;Beef / Pasta / Lamb;Italy;Barbaresco;Nebbiolo;2014;62;70;7;red fruits/herbaceous/wood
Antinori;Tenuta Tignanello 'Solaia' ;4.6;1655;369.0;Beef / Lamb / Veal;Italy;Tuscany;Cabernet Sauvignon;2013;54;42;15;wood/black berries/herbaceous
Gaja;Barbaresco ;4.5;1311;235.0;Beef / Pasta / Lamb;Italy;Barbaresco;Nebbiolo;2013;60;68;8;herbaceous/wood/red fruits
San Giusto a Rentennano;Percarlo ;4.5;97;84.0;Beef / Lamb / Veal;Italy;Tuscany;Sangiovese;2017;52;49;12;wood/herbaceous/red fruits
Vietti;Barolo Ravera ;4.3;27;393.0;Beef / Pasta / Lamb;Italy;Barolo;Nebbiolo;2016;63;76;2;herbaceous/red fruits/wood
Vallone;Graticciaia ;4.4;593;79.0;Beef / Pasta / Lamb;Italy;Salento;Negroamaro;2013;85;37;36;wood/black berries/herbaceous
Campo Alla Sughera;Arnione Bolgheri Superiore ;4.4;111;42.0;Beef / Pasta / Lamb;Italy;Bolgheri Superiore;Miscela;2016;65;63;12;wood/black berries/herbaceous
Bruno Giacosa;Falletto Barolo ;4.4;103;275.0;Beef / Pasta / Lamb;Italy;Barolo;Nebbiolo;2016;60;75;10;herbaceous/red fruits/wood
Antinori;Tenuta Guado al Tasso Il Bruciato Bolgheri ;4.2;2532;21.79;Beef / Pasta / Lamb;Italy;Bolgheri;Cabernet Sauvignon;2020;67;63;10;wood/black berries/herbaceous
Gaja;Costa Russi (Barbaresco) Langhe ;4.6;137;598.0;Beef / Pasta / Lamb;Italy;Langhe;Nebbiolo;2000;62;67;12;herbaceous/wood/black berries
Pieropan;Amarone della Valpolicella Vigna Garzon ;4.5;163;59.5;Beef / Lamb / Game (deer, chamois);Italy;Amarone della Valpolicella;Miscela;2016;83;24;47;wood/black berries/red fruits
Quintodecimo;Vigna Grande Cerzito Taurasi Riserva ;4.5;92;140.0;Beef / Pasta / Lamb;Italy;Taurasi;Aglianico;2014;85;42;26;black berries/wood/herbaceous
Ornellaia;Bolgheri Superiore ;4.6;1268;269.0;Beef / Pasta / Lamb;Italy;Bolgheri Superiore;Miscela;2001;65;65;13;wood/black berries/herbaceous
Cantine Madonna delle Grazie;Drogone d'Altavilla Aglianico del Vulture Riserva ;4.3;31;27.0;Beef / Pasta / Lamb;Italy;Aglianico del Vulture;Aglianico;2013;85;52;16;red fruits/herbaceous/black berries
Masca del Tacco;Li Filitti Riserva Primitivo di Manduria ;4.3;969;12.3;Beef / Pasta / Lamb;Italy;Primitivo di Manduria;Primitivo;2017;69;26;44;wood/black berries/red fruits
Planeta;Eruzione 1614 Pinot Nero ;4.3;28;32.28;Beef / Pasta / Lamb;Italy;Terre Siciliane;Pinot Nero;2018;75;39;22;red fruits/herbaceous/wood
Fonterutoli;Chianti Classico Gran Selezione ;4.3;201;36.0;Beef / Veal / Poultry;Italy;Chianti Classico;Sangiovese;2018;49;57;8;wood/red fruits/herbaceous
Paolo Scavino;Barolo Cannubi ;4.3;105;92.6;Beef / Pasta / Lamb;Italy;Barolo;Nebbiolo;2015;65;78;9;herbaceous/wood/red fruits
Tenute Chiaromonte;Muro Sant’Angelo Barbatto Primitivo Gioia del Colle ;4.4;201;36.9;Beef / Pasta / Lamb;Italy;Gioia del Colle;Primitivo;2017;67;28;42;wood/black berries/red fruits
Tenuta Il Poggione;Brunello di Montalcino Riserva Vigna Paganelli ;4.4;1241;94.64;Beef / Lamb / Game (deer, chamois);Italy;Brunello di Montalcino;Sangiovese;2012;52;61;8;wood/herbaceous/red fruits
Caprili;Brunello di Montalcino ;4.3;506;35.95;Beef / Lamb / Game (deer, chamois);Italy;Brunello di Montalcino;Sangiovese;2016;50;60;4;wood/red fruits/herbaceous
Banfi;Vigna Marrucheto Brunello di Montalcino ;4.5;44;69.0;Beef / Lamb / Game (deer, chamois);Italy;Brunello di Montalcino;Sangiovese;2016;58;68;1;red fruits/albero da frutta/herbaceous
Brovia;Rocche di Castiglione Barolo ;4.4;81;135.0;Beef / Pasta / Lamb;Italy;Barolo;Nebbiolo;2017;62;72;5;herbaceous/red fruits/wood
Donnafugata;Mille E Una Notte ;4.4;39;55.5;Beef / Pasta / Lamb;Italy;Contessa Entellina;Nero d'Avola;2018;82;45;27;wood/black berries/herbaceous
Cerbaiona;Brunello di Montalcino ;4.5;221;169.0;Beef / Lamb / Game (deer, chamois);Italy;Brunello di Montalcino;Sangiovese;2009;46;58;15;herbaceous/wood/red fruits
Marchesi di Gresy;Barbaresco Gaiun Martinenga ;4.4;169;81.9;Beef / Pasta / Lamb;Italy;Barbaresco;Nebbiolo;2013;61;69;10;wood/herbaceous/red fruits
Tenuta di Trinoro;Palazzi Rosso Toscana ;4.4;69;209.7;Beef / Lamb / Veal;Italy;Tuscany;Merlot;2011;57;47;19;wood/black berries/herbaceous
Arnaldo Rivera;Ravera ;4.3;60;39.8;Beef / Pasta / Lamb;Italy;Barolo;Nebbiolo;2015;59;79;13;herbaceous/wood/red fruits
Tua Rita;Redigaffi Toscana ;4.5;246;461.0;Beef / Lamb / Veal;Italy;Tuscany;Merlot;2011;55;42;18;wood/black berries/herbaceous
Donnafugata;Mille E Una Notte ;4.3;685;49.95;Beef / Pasta / Lamb;Italy;Contessa Entellina;Nero d'Avola;2017;82;45;27;wood/black berries/herbaceous
Masseto;Toscana ;4.7;342;1800.02;Beef / Lamb / Veal;Italy;Tuscany;Merlot;1997;58;46;17;wood/black berries/herbaceous
Dal Forno Romano;Valpolicella Superiore Monte Lodoletta ;4.4;954;140.0;Beef / Pasta / Veal;Italy;Valpolicella;Corvina;2009;54;39;25;wood/black berries/herbaceous
Montevertine;Le Pergole Torte ;4.4;411;598.0;Beef / Lamb / Veal;Italy;Tuscany;Sangiovese;2006;48;43;9;herbaceous/red fruits/wood
Domenico Clerico;Barolo Aeroplan Servaj ;4.4;62;89.9;Beef / Pasta / Lamb;Italy;Barolo;Nebbiolo;2015;66;80;12;wood/herbaceous/spezie
Domenico Clerico;Barolo Percristina ;4.6;31;180.0;Beef / Pasta / Lamb;Italy;Barolo;Nebbiolo;2011;64;81;11;herbaceous/wood/red fruits
Antonutti;Poppóne ;4.3;38;19.0;Beef / Pasta / Lamb;Italy;Friuli-Venezia Giulia;Miscela;2018;68;35;27;wood/red fruits/black berries
Casanova di Neri;Brunello di Montalcino ;4.4;122;49.0;Beef / Lamb / Game (deer, chamois);Italy;Brunello di Montalcino;Sangiovese;2017;50;57;10;wood/herbaceous/red fruits
Poggio di Sotto;Rosso di Montalcino ;4.3;199;55.0;Beef / Lamb / Veal;Italy;Rosso di Montalcino;Sangiovese;2018;43;40;8;red fruits/herbaceous/wood
Antinori;Tignanello ;4.5;484;283.0;Beef / Lamb / Veal;Italy;Tuscany;Miscela;1995;53;42;11;wood/black berries/herbaceous
Altesino;Brunello di Montalcino Montosoli ;4.5;131;68.0;Beef / Lamb / Game (deer, chamois);Italy;Brunello di Montalcino;Sangiovese;2016;49;58;8;wood/herbaceous/black berries
Gaja;Pieve Santa Restituta Rennina Brunello di Montalcino ;4.5;264;138.0;Beef / Lamb / Game (deer, chamois);Italy;Brunello di Montalcino;Sangiovese;2013;47;59;11;herbaceous/wood/black berries
Cortonesi (La Mannella);La Mannella Brunello di Montalcino ;4.3;202;40.2;Beef / Lamb / Game (deer, chamois);Italy;Brunello di Montalcino;Sangiovese;2015;49;58;4;red fruits/wood/herbaceous
Castello di Neive;Barbaresco Santo Stefano ;4.3;77;41.5;Beef / Pasta / Lamb;Italy;Barbaresco;Nebbiolo;2018;61;65;9;herbaceous/red fruits/wood
Gaja;Ca'Marcanda Magari ;4.4;255;51.89;Beef / Pasta / Lamb;Italy;Bolgheri;Merlot;2019;62;66;9;wood/black berries/herbaceous
Le Macchiole;Messorio ;4.4;365;336.0;Beef / Lamb / Veal;Italy;Tuscany;Merlot;2012;55;43;15;wood/black berries/herbaceous
Castello di Ama;L'Apparita ;4.5;58;219.0;Beef / Lamb / Veal;Italy;Tuscany;Merlot;2017;53;43;13;wood/herbaceous/black berries
San Giusto a Rentennano;Percarlo ;4.3;225;186.0;Beef / Lamb / Veal;Italy;Tuscany;Sangiovese;2012;52;49;12;wood/herbaceous/red fruits
ARPEPE;Grumello Buon Consiglio Riserva ;4.3;135;61.0;Beef / Lamb / Game (deer, chamois);Italy;Valtellina Superiore;Nebbiolo;2013;55;73;4;herbaceous/wood/red fruits
Damilano;Barolo Brunate ;4.3;61;51.4;Beef / Pasta / Lamb;Italy;Barolo;Nebbiolo;2014;66;76;4;herbaceous/wood/black berries
San Felice;Campogiovanni Brunello di Montalcino Riserva Il Quercione ;4.5;156;79.9;Beef / Lamb / Game (deer, chamois);Italy;Brunello di Montalcino;Sangiovese;2011;50;53;11;herbaceous/wood/red fruits
La Gerla;Brunello di Montalcino ;4.3;173;41.9;Beef / Lamb / Game (deer, chamois);Italy;Brunello di Montalcino;Sangiovese;2016;45;55;4;wood/red fruits/herbaceous
San Giovenale;Habemus Lazio Rosso (Etichetta Rossa) ;4.5;56;95.0;Beef / Pasta / Veal;Italy;Lazio;Cabernet Franc;2016;56;50;20;herbaceous/wood/red fruits
Masseto;Toscana ;4.7;265;1110.0;Beef / Lamb / Veal;Italy;Tuscany;Merlot;2017;58;46;17;wood/black berries/herbaceous
Castello Nipozzano;Mormoreto Toscana ;4.4;74;46.5;Beef / Lamb / Veal;Italy;Tuscany;Miscela;2017;57;45;10;wood/black berries/herbaceous
Biondi-Santi;Brunello di Montalcino ;4.4;1758;230.0;Beef / Lamb / Game (deer, chamois);Italy;Brunello di Montalcino;Sangiovese;2009;47;57;8;herbaceous/wood/red fruits
Carpineto;Brunello di Montalcino ;4.3;450;44.8;Beef / Lamb / Game (deer, chamois);Italy;Brunello di Montalcino;Prugnolo Gentile;2015;48;55;5;herbaceous/wood/red fruits
Castello di Ama;Vigneto Bellavista Chianti Classico ;4.5;151;190.0;Beef / Veal / Poultry;Italy;Chianti Classico;Sangiovese;2011;47;60;15;wood/herbaceous/red fruits
Castello dei Rampolla;Sammarco ;4.4;81;76.0;Beef / Lamb / Veal;Italy;Tuscany;Miscela;2017;55;48;11;wood/herbaceous/black berries
Tedeschi;Capitel Monte Olmi Amarone della Valpolicella Classico Riserva ;4.4;133;54.0;Beef / Lamb / Game (deer, chamois);Italy;Valpolicella;Miscela;2015;85;30;49;wood/black berries/herbaceous
Il Canovino;Quarto Vecchio Amarone della Valpolicella Classico ;4.3;136;33.98;Beef / Lamb / Game (deer, chamois);Italy;Amarone della Valpolicella Classico;Miscela;2015;81;27;54;wood/herbaceous/black berries
Vigneti Massa;Cerreta ;4.5;45;59.0;Beef / Pasta / Veal;Italy;Piemonte;Miscela;2003;53;30;5;black berries/wood/spezie
Salicutti;Piaggione Brunello di Montalcino ;4.5;47;118.0;Beef / Lamb / Game (deer, chamois);Italy;Brunello di Montalcino;Sangiovese;2015;45;59;8;wood/herbaceous/red fruits
Azienda Agricola Tamburini;Somnio Brunello di Montalcino ;4.4;37;40.0;Beef / Lamb / Game (deer, chamois);Italy;Brunello di Montalcino;Sangiovese;2015;50;53;9;wood/herbaceous/red fruits
Elio Grasso;Barolo Gavarini Chiniera ;4.3;168;108.0;Beef / Pasta / Lamb;Italy;Barolo;Nebbiolo;2015;62;76;8;herbaceous/wood/red fruits
Giovanni Chiappini;Guado de' Gemoli ;4.4;32;54.9;Beef / Pasta / Lamb;Italy;Bolgheri Superiore;Miscela;2018;67;61;12;wood/black berries/herbaceous
Roagna;Faset Barbaresco ;4.4;31;133.9;Beef / Pasta / Lamb;Italy;Barbaresco;Nebbiolo;2015;63;78;1;herbaceous/red fruits/Floreale
Ciacci Piccolomini d'Aragona;Brunello di Montalcino ;4.3;1040;85.0;Beef / Lamb / Game (deer, chamois);Italy;Brunello di Montalcino;Sangiovese;2012;46;56;7;wood/herbaceous/red fruits
Podere Sette;L'Invidio Bolgheri Rosso ;4.4;42;17.24;Beef / Pasta / Lamb;Italy;Bolgheri;Miscela;2020;59;52;8;black berries/herbaceous/wood
Dal Forno Romano;Amarone della Valpolicella Monte Lodoletta ;4.7;483;350.0;Beef / Lamb / Game (deer, chamois);Italy;Amarone della Valpolicella;Miscela;2010;85;30;51;wood/black berries/herbaceous
Masseto;Toscana ;4.7;283;1800.0;Beef / Lamb / Veal;Italy;Tuscany;Merlot;1996;58;46;17;wood/black berries/herbaceous
Tenuta Degli Dei;Cavalli ;4.3;117;41.0;Beef / Lamb / Veal;Italy;Tuscany;Merlot;2006;54;45;16;wood/black berries/herbaceous
Le Chiuse;Brunello di Montalcino ;4.3;294;74.0;Beef / Lamb / Game (deer, chamois);Italy;Brunello di Montalcino;Sangiovese;2015;52;57;8;wood/herbaceous/red fruits
Cascina Fontana;Barolo del Commune di Castiglione Falletto ;4.3;34;170.0;Beef / Pasta / Lamb;Italy;Barolo;Nebbiolo;2016;57;76;0;herbaceous/red fruits/spezie
Brigaldara;Amarone della Valpolicella Riserva ;4.4;180;199.98;Beef / Lamb / Game (deer, chamois);Italy;Amarone della Valpolicella;Miscela;2009;85;23;48;wood/frutta secca/herbaceous
Castellare;Toscana Poggio Ai Merli ;4.3;188;104.0;Beef / Lamb / Veal;Italy;Tuscany;Merlot;2016;57;45;13;wood/black berries/herbaceous
Banfi;Poggio all'Oro Brunello di Montalcino Riserva ;4.4;112;108.98;Beef / Lamb / Game (deer, chamois);Italy;Brunello di Montalcino;Sangiovese;2013;48;55;11;wood/herbaceous/black berries
Paladin;Casa Lupo Amarone della Valpolicella Riserva ;4.3;37;46.2;Beef / Lamb / Game (deer, chamois);Italy;Amarone della Valpolicella;Miscela;2015;85;25;42;herbaceous/black berries/agrume
Damilano;Barolo Liste ;4.3;148;64.99;Beef / Pasta / Lamb;Italy;Barolo;Nebbiolo;2008;63;77;7;herbaceous/wood/red fruits
Capichera;Mantènghja ;4.5;114;87.86;Beef / Pasta / Lamb;Italy;Isola dei Nuraghi;Miscela;2015;85;41;34;wood/black berries/spezie
Antinori;Badia a Passignano Gran Selezione Chianti Classico ;4.3;1008;34.88;Beef / Veal / Poultry;Italy;Chianti Classico;Sangiovese;2018;50;56;8;wood/herbaceous/red fruits
Le Guaite di Noemi;Valpolicella Ripasso ;4.4;58;39.53;Beef / Veal / Game (deer, chamois);Italy;Valpolicella Ripasso;Miscela;2011;70;40;30;wood/herbaceous/red fruits
Masseto;Toscana ;4.7;740;1200.0;Beef / Lamb / Veal;Italy;Tuscany;Merlot;2007;58;46;17;wood/black berries/herbaceous
Tenuta San Guido;Sassicaia ;4.6;3500;390.0;Beef / Pasta / Lamb;Italy;Bolgheri Sassicaia;Miscela;2007;62;64;10;wood/black berries/herbaceous
Fattoria le Pupille;Syrah ;4.3;56;152.0;Beef / Lamb / Veal;Italy;Maremma Tuscany;Shiraz/Syrah;2015;50;37;2;black berries/spezie/herbaceous
Anselmet;Semel Pater ;4.4;49;51.99;Beef / Pasta / Lamb;Italy;Valle d'Aosta;Pinot Nero;2019;62;46;13;herbaceous/wood/red fruits
Poggio Al Tesoro;Dedicato a Walter Bolgheri Superiore ;4.6;158;145.0;Beef / Lamb / Veal;Italy;Bolgheri Superiore;Vermentino;2016;55;44;12;wood/black berries/spezie
Andrian;Gant Merlot ;4.3;28;36.8;Beef / Pasta / Lamb;Italy;SÃ¼dtirol - Alto Adige;Merlot;2018;68;37;22;black berries/red fruits/herbaceous
Podere Forte;Petruccino ;4.3;57;40.5;Beef / Lamb / Veal;Italy;Orcia;Sangiovese;2018;52;42;15;wood/red fruits/black berries
Biondi-Santi;Brunello di Montalcino ;4.6;432;163.98;Beef / Lamb / Game (deer, chamois);Italy;Brunello di Montalcino;Sangiovese;2015;47;58;8;herbaceous/wood/red fruits
Salicutti;Piaggione Brunello di Montalcino ;4.5;39;170.0;Beef / Lamb / Game (deer, chamois);Italy;Brunello di Montalcino;Sangiovese;2016;45;59;8;wood/herbaceous/red fruits
Monte dei Ragni;Valpolicella Ripasso Classico Superiore ;4.5;33;65.0;Beef / Veal / Game (deer, chamois);Italy;Valpolicella Ripasso Classico;Miscela;2017;64;46;30;wood/herbaceous/red fruits
Aldo Conterno;Barolo Bussia Romirasco ;4.6;63;265.0;Beef / Pasta / Lamb;Italy;Barolo;Nebbiolo;2013;62;78;9;wood/herbaceous/red fruits
Giacomo Conterno;Barbera d'Alba Vigna Francia ;4.4;478;89.0;Pasta / Veal / Pork;Italy;Barbera d'Alba;Barbera;2018;58;26;10;wood/herbaceous/black berries
Masseto;Massetino ;4.6;50;581.0;Beef / Lamb / Veal;Italy;Tuscany;Merlot;2018;56;40;18;black berries/wood/red fruits
Domenico Clerico;Barolo Aeroplan Servaj ;4.5;60;100.0;Beef / Pasta / Lamb;Italy;Barolo;Nebbiolo;2017;66;80;12;wood/herbaceous/spezie
La Spinetta;Vürsù Barbaresco Gallina ;4.4;31;139.98;Beef / Pasta / Lamb;Italy;Barbaresco;Nebbiolo;2017;63;72;7;herbaceous/wood/red fruits
Le Potazzine;Brunello di Montalcino Riserva ;4.5;132;180.0;Beef / Lamb / Game (deer, chamois);Italy;Brunello di Montalcino;Sangiovese;2011;46;57;8;herbaceous/wood/black berries
Grattamacco;Bolgheri Superiore ;4.3;1092;74.9;Beef / Pasta / Lamb;Italy;Bolgheri Superiore;Miscela;2016;66;66;9;wood/black berries/herbaceous
Comm. G.B. Burlotto;Barolo Monvigliero ;4.5;64;444.0;Beef / Pasta / Lamb;Italy;Barolo;Nebbiolo;2017;52;70;12;red fruits/herbaceous/wood
Aldo Conterno;Barolo Bussia Colonnello ;4.3;202;150.0;Beef / Pasta / Lamb;Italy;Barolo;Nebbiolo;2012;64;79;10;herbaceous/red fruits/wood
Giovanni Chiappini;Guado de' Gemoli ;4.4;94;55.8;Beef / Pasta / Lamb;Italy;Bolgheri Superiore;Cabernet Sauvignon;2017;67;61;12;wood/black berries/herbaceous
Colle Santa Mustiola;28 Clones Poggio Ai Chiari Sangiovese Toscana ;4.4;144;79.9;Beef / Lamb / Veal;Italy;Tuscany;Sangiovese;2010;54;47;6;herbaceous/wood/spezie
Serafini & Vidotto;Il Rosso dell'Abazia ;4.3;166;37.9;Beef / Pasta / Lamb;Italy;Montello e Colli Asolani;Miscela;2016;67;42;22;wood/black berries/herbaceous
Colterenzio (Schreckbichl);Lafóa Cabernet Sauvignon ;4.3;39;61.0;Beef / Pasta / Lamb;Italy;SÃ¼dtirol - Alto Adige;Cabernet Sauvignon;2018;67;40;22;wood/black berries/herbaceous
Col d'Orcia;Brunello di Montalcino ;4.2;2928;29.7;Beef / Lamb / Game (deer, chamois);Italy;Brunello di Montalcino;Sangiovese;2016;48;58;5;wood/herbaceous/red fruits
Salvioni;Brunello di Montalcino ;4.5;195;212.0;Beef / Lamb / Game (deer, chamois);Italy;Brunello di Montalcino;Sangiovese;2015;50;58;15;herbaceous/wood/red fruits
Nativ;Eremo San Quirico Gold ;4.3;102;17.99;na / na / na;Italy;Irpinia Campi Taurasini;Aglianico;2018;84;37;41;wood/black berries/red fruits
Gaja;Costa Russi (Barbaresco) Langhe ;4.5;49;598.0;Beef / Pasta / Lamb;Italy;Langhe;Nebbiolo;2010;62;67;12;herbaceous/wood/black berries
Castello di Ama;Vigneto La Casuccia Chianti Classico Gran Selezione ;4.3;73;187.0;Beef / Veal / Poultry;Italy;Chianti Classico;Miscela;2013;47;61;8;wood/red fruits/black berries
Damilano;Barolo Cannubi ;4.3;263;122.0;Beef / Pasta / Lamb;Italy;Piemonte;Nebbiolo;2016;63;76;6;herbaceous/red fruits/wood
Franz Haas;Pònkler ;4.4;57;89.0;Beef / Pasta / Lamb;Italy;Trentino-Alto Adige;Pinot Nero;2014;57;36;17;red fruits/wood/herbaceous
Antinori;Tenuta Tignanello 'Marchese Antinori' Chianti Classico Riserva ;4.2;5692;47.0;Beef / Veal / Poultry;Italy;Chianti Classico;Sangiovese;2015;49;55;7;wood/red fruits/herbaceous
Brancaia;Il Blu ;4.4;427;81.0;Beef / Lamb / Veal;Italy;Tuscany;Miscela;2016;54;45;12;wood/black berries/herbaceous
Castel Sallegg;Nussleiten ;4.4;27;44.0;Beef / Pasta / Lamb;Italy;SÃ¼dtirol - Alto Adige;Merlot;2017;63;35;16;wood/herbaceous/black berries
Corte Rugolin;Amarone della Valpolicella Classico Crosara de le Strie ;4.4;450;39.48;Beef / Lamb / Game (deer, chamois);Italy;Amarone della Valpolicella Classico;Miscela;2015;85;26;53;wood/black berries/frutta secca
Cavallotto;Barolo Riserva Bricco Boschis Vigna San Giuseppe ;4.3;395;152.0;Beef / Pasta / Lamb;Italy;Barolo;Nebbiolo;2012;67;79;11;herbaceous/wood/red fruits
Santi;Amarone della Valpolicella Classico ;4.2;28;31.0;Beef / Lamb / Game (deer, chamois);Italy;Amarone della Valpolicella Classico;Corvina;2017;84;27;44;wood/black berries/herbaceous
Le Salette;La Marega Amarone della Valpolicella Classico ;4.4;174;49.9;Beef / Lamb / Game (deer, chamois);Italy;Amarone della Valpolicella Classico;Miscela;2016;84;23;50;wood/black berries/red fruits
La Fornace;Origini Brunello di Montalcino ;4.3;115;95.98;Beef / Lamb / Game (deer, chamois);Italy;Tuscany;Sangiovese;2015;56;63;9;red fruits/black berries/wood
Antinori;Tenuta Tignanello 'Solaia' ;4.6;993;478.0;Beef / Lamb / Veal;Italy;Tuscany;Cabernet Sauvignon;2005;54;42;15;wood/black berries/herbaceous
Palazzo;Brunello di Montalcino Riserva ;4.5;35;64.98;Beef / Lamb / Game (deer, chamois);Italy;Brunello di Montalcino;Sangiovese;2013;62;62;5;herbaceous/wood/red fruits
Rocca di Montegrossi;Vigneto San Marcellino Chianti Classico Gran Selezione ;4.3;172;41.9;Beef / Veal / Poultry;Italy;Chianti Classico;Sangiovese;2015;51;63;9;wood/herbaceous/black berries
Tenuta Luce;Luce ;4.4;343;105.9;Beef / Lamb / Veal;Italy;Tuscany;Miscela;2018;53;44;12;wood/black berries/herbaceous
Occhipinti;Grotte Alte ;4.4;46;51.9;Beef / Pasta / Lamb;Italy;Terre Siciliane;Nero d'Avola;2016;73;43;25;herbaceous/red fruits/wood
Carpineto;Vigneto Poggio Sant'Enrico ;4.3;120;53.0;Beef / Game (deer, chamois) / Poultry;Italy;Vino Nobile di Montepulciano;Sangiovese;2010;58;57;7;wood/herbaceous/black berries
Donatella Cinelli Colombini;Brunello di Montalcino (Casato Prime Donne) ;4.3;581;38.0;Beef / Lamb / Game (deer, chamois);Italy;Brunello di Montalcino;Sangiovese;2015;47;56;7;wood/herbaceous/red fruits
San Marzano;62 Anniversario Primitivo di Manduria Riserva ;4.3;50;26.39;Beef / Pasta / Lamb;Italy;Primitivo di Manduria;Primitivo;2018;70;21;45;wood/black berries/red fruits
Antinori;Tignanello ;4.4;4409;250.0;Beef / Lamb / Veal;Italy;Tuscany;Miscela;2008;53;42;11;wood/black berries/herbaceous
San Marzano;F Negroamaro ;4.3;681;22.42;Beef / Pasta / Lamb;Italy;Salento;Negroamaro;2019;85;39;40;black berries/wood/red fruits
Isole e Olena;Chianti Classico Gran Selezione ;4.3;57;199.0;Beef / Veal / Poultry;Italy;Chianti Classico;Miscela;2013;45;56;5;wood/spezie/red fruits
Castellare;Toscana I Sodi di San Niccolo ;4.3;54;170.0;Beef / Lamb / Veal;Italy;Tuscany;Malvasia;1990;51;44;13;wood/herbaceous/black berries
Pasetti;Harimann Montepulciano d'Abruzzo ;4.5;34;49.0;Beef / Pasta / Veal;Italy;Montepulciano d'Abruzzo;Montepulciano;2004;50;50;11;wood/black berries/herbaceous
Orma;Toscana ;4.3;323;70.99;Beef / Lamb / Veal;Italy;Tuscany;Sangiovese;2017;57;45;13;black berries/wood/herbaceous
Cabreo;Il Borgo Toscana ;4.3;284;34.9;Beef / Lamb / Veal;Italy;Tuscany;Sangiovese;2017;52;43;10;wood/herbaceous/black berries
Giacomo Fenocchio;Barolo Riserva Bussia 90 Dì ;4.3;71;105.0;Beef / Pasta / Lamb;Italy;Barolo;Nebbiolo;2015;63;77;3;wood/herbaceous/red fruits
Silvano Bolmida;Bussia Barolo ;4.3;180;40.48;Beef / Pasta / Lamb;Italy;Barolo;Nebbiolo;2015;66;79;8;herbaceous/red fruits/wood
Andrea Oberto;Barbera d'Alba Giada ;4.4;97;29.78;Pasta / Veal / Pork;Italy;Barbera d'Alba;Barbera;2016;56;21;18;wood/herbaceous/black berries
Occhipinti;Grotte Alte ;4.4;82;51.9;Beef / Pasta / Lamb;Italy;Terre Siciliane;Nero d'Avola;2015;73;43;25;herbaceous/red fruits/wood
Masseto;Toscana ;4.7;803;1100.0;Beef / Lamb / Veal;Italy;Tuscany;Sangiovese;2011;58;46;17;wood/black berries/herbaceous
Ceretto;Barbaresco Asili ;4.4;42;178.0;Beef / Pasta / Lamb;Italy;Barbaresco;Nebbiolo;2014;53;75;1;red fruits/herbaceous/wood
Boggione Claudio;Brunate Barolo ;4.3;80;36.0;Beef / Pasta / Lamb;Italy;Barolo;Nebbiolo;2017;61;78;5;red fruits/herbaceous/wood
Fattoria Colleallodole Milziade Antano;Montefalco Sagrantino ;4.3;37;31.99;Beef / Pasta / Veal;Italy;Montefalco Sagrantino;Sagrantino;2017;62;56;7;wood/black berries/herbaceous
Dal Forno Romano;Valpolicella Superiore Monte Lodoletta ;4.5;310;94.7;Beef / Pasta / Veal;Italy;Valpolicella;Miscela;2014;54;39;25;wood/black berries/herbaceous
Ricasoli;Castello di Brolio Gran Selezione Chianti Classico ;4.3;124;45.0;Beef / Veal / Poultry;Italy;Chianti Classico;Miscela;2018;49;46;9;wood/red fruits/herbaceous
Biondi-Santi;Brunello di Montalcino Riserva ;4.6;196;639.0;Beef / Lamb / Game (deer, chamois);Italy;Brunello di Montalcino;Sangiovese;2010;46;57;10;herbaceous/wood/red fruits
Endrizzi;Gran Masetto Teroldego ;4.5;57;47.5;Beef / Pasta / Lamb;Italy;Trentino;Teroldego;2016;70;37;28;black berries/wood/herbaceous
Tenuta Hortense;Fratini Bolgheri Superiore ;4.7;33;218.98;Beef / Pasta / Lamb;Italy;Bolgheri Superiore;Miscela;2016;69;62;3;wood/red fruits/black berries
Barone di Serramarrocco;Rosso ;4.3;28;35.88;Beef / Pasta / Lamb;Italy;Terre Siciliane;Perricone;2015;82;47;17;wood/black berries/herbaceous
Antinori;Tignanello ;4.5;931;265.0;Beef / Lamb / Veal;Italy;Tuscany;Miscela;1998;53;42;11;wood/black berries/herbaceous
Zenato;Ripassa Valpolicella Ripasso Superiore ;4.2;12272;18.88;Beef / Veal / Game (deer, chamois);Italy;Valpolicella Ripasso;Miscela;2016;67;35;30;wood/black berries/red fruits
G. Milazzo;Duca di Montalbo ;4.6;113;54.0;Beef / Pasta / Lamb;Italy;Terre Siciliane;Nero d'Avola;2007;85;50;35;herbaceous/wood/red fruits
Gianfranco Alessandria;Vittoria Barbera d'Alba ;4.3;45;22.0;Pasta / Veal / Pork;Italy;Barbera d'Alba;Barbera;2017;54;25;14;wood/black berries/red fruits
Giacomo Fenocchio;Barolo Villero ;4.3;70;47.9;Beef / Pasta / Lamb;Italy;Barolo;Nebbiolo;2017;60;76;6;red fruits/herbaceous/wood
Salvioni;Brunello di Montalcino ;4.5;94;255.0;Beef / Lamb / Game (deer, chamois);Italy;Brunello di Montalcino;Sangiovese;2016;50;58;15;herbaceous/wood/red fruits
Tedeschi;Marne 180 Amarone della Valpolicella ;4.4;1261;34.5;Beef / Lamb / Game (deer, chamois);Italy;Amarone della Valpolicella;Miscela;2017;85;27;47;black berries/wood/frutta secca
Bartolo Mascarello;Barolo ;4.5;454;310.0;Beef / Pasta / Lamb;Italy;Barolo;Nebbiolo;2011;59;77;9;herbaceous/red fruits/wood
Roberto Voerzio;Brunate Barolo ;4.3;78;260.0;Beef / Pasta / Lamb;Italy;Barolo;Nebbiolo;2001;65;80;10;herbaceous/wood/red fruits
E. Pira & Figli;Via Nuova Barolo ;4.3;100;265.0;Beef / Pasta / Lamb;Italy;Barolo;Nebbiolo;2013;64;83;5;herbaceous/red fruits/wood
Arceno;Strada al Sasso Chianti Classico Gran Selezione ;4.5;48;28.49;Beef / Veal / Poultry;Italy;Chianti Classico;Sangiovese;2018;50;64;4;red fruits/wood/black berries
Tenuta San Guido;Sassicaia ;4.7;1993;470.0;Beef / Pasta / Lamb;Italy;Bolgheri Sassicaia;Sangiovese;1999;62;64;10;wood/black berries/herbaceous
Biondi-Santi;Brunello di Montalcino ;4.4;150;336.0;Beef / Lamb / Game (deer, chamois);Italy;Brunello di Montalcino;Sangiovese;1983;47;58;8;herbaceous/wood/red fruits
Banfi;Brunello di Montalcino ;4.2;5481;38.98;Beef / Lamb / Game (deer, chamois);Italy;Brunello di Montalcino;Sangiovese;2015;47;54;4;wood/herbaceous/red fruits
Querciabella;Toscana Camartina ;4.4;381;110.0;Beef / Lamb / Veal;Italy;Tuscany;Miscela;2010;53;43;13;wood/black berries/herbaceous
Masseto;Toscana ;4.7;1031;1623.0;Beef / Lamb / Veal;Italy;Tuscany;Merlot;2010;58;46;17;wood/black berries/herbaceous
Tua Rita;Redigaffi Toscana ;4.5;342;393.0;Beef / Lamb / Veal;Italy;Tuscany;Merlot;2016;55;42;18;wood/black berries/herbaceous
Prà;Amarone della Valpolicella ;4.4;39;47.88;Beef / Lamb / Game (deer, chamois);Italy;Amarone della Valpolicella;Miscela;2015;85;27;50;wood/herbaceous/black berries
Giuseppe Rinaldi;Brunate Barolo ;4.6;146;461.0;Beef / Pasta / Lamb;Italy;Barolo;Nebbiolo;2012;60;75;14;herbaceous/red fruits/wood
Arnaldo-Caprai;25 anni Montefalco Sagrantino ;4.4;136;97.0;Beef / Pasta / Veal;Italy;Montefalco Sagrantino;Sagrantino;2001;59;55;6;wood/herbaceous/black berries
Aldo Conterno;Barolo Bussia Cicala ;4.3;206;170.0;Beef / Pasta / Lamb;Italy;Barolo;Nebbiolo;2012;65;75;10;herbaceous/wood/red fruits
Antinori;Tenuta Guado al Tasso Bolgheri Superiore ;4.6;800;120.0;Beef / Pasta / Lamb;Italy;Bolgheri Superiore;Cabernet Sauvignon;2018;66;64;11;wood/black berries/herbaceous
Tenuta Ulisse;Amaranta Montepulciano d'Abruzzo ;4.3;213;17.5;Beef / Pasta / Veal;Italy;Montepulciano d'Abruzzo;Montepulciano;2019;44;38;16;wood/black berries/red fruits
Antinori;Pian delle Vigne Brunello di Montalcino ;4.4;93;47.29;Beef / Lamb / Game (deer, chamois);Italy;Brunello di Montalcino;Sangiovese;2017;48;53;8;wood/herbaceous/red fruits
Donatella Cinelli Colombini;Brunello di Montalcino (Casato Prime Donne) ;4.3;274;75.5;Beef / Lamb / Game (deer, chamois);Italy;Brunello di Montalcino;Sangiovese;2016;47;56;7;wood/herbaceous/red fruits
Allegrini;Amarone della Valpolicella Classico ;4.4;1305;68.98;Beef / Lamb / Game (deer, chamois);Italy;Amarone della Valpolicella Classico;Corvina Veronese;2016;85;26;50;wood/black berries/frutta secca
Monteverro;Toscana ;4.4;347;129.9;Beef / Lamb / Veal;Italy;Tuscany;Miscela;2010;59;43;16;wood/black berries/herbaceous
Caprili;Brunello di Montalcino ;4.3;776;44.0;Beef / Lamb / Game (deer, chamois);Italy;Brunello di Montalcino;Sangiovese;2014;50;60;4;wood/red fruits/herbaceous
G.D. Vajra;Barolo Ravera ;4.3;131;198.0;Beef / Pasta / Lamb;Italy;Barolo;Nebbiolo;2012;62;81;3;red fruits/herbaceous/wood
Gaja;Sorì San Lorenzo ;4.6;102;515.0;Beef / Pasta / Lamb;Italy;Barbaresco;Nebbiolo;2015;63;73;12;herbaceous/wood/red fruits
Ciacci Piccolomini d'Aragona;Brunello di Montalcino Riserva Pianrosso Santa Caterina d'Oro ;4.6;103;119.0;Beef / Lamb / Game (deer, chamois);Italy;Brunello di Montalcino;Sangiovese;2015;56;58;9;wood/herbaceous/red fruits
Altesino;Brunello di Montalcino ;4.3;1846;69.9;Beef / Lamb / Game (deer, chamois);Italy;Brunello di Montalcino;Sangiovese;2010;46;55;7;wood/herbaceous/red fruits
Fattoria le Pupille;Saffredi ;4.4;622;101.98;Beef / Lamb / Veal;Italy;Maremma Tuscany;Miscela;2017;54;46;15;wood/black berries/herbaceous
Gianfranco Fino;Jo Negroamaro Salento ;4.4;122;47.48;Beef / Pasta / Lamb;Italy;Salento;Negroamaro;2018;84;42;34;wood/black berries/red fruits
Feudi di San Gregorio;Pàtrimo ;4.3;46;75.0;Beef / Pasta / Lamb;Italy;Campania;Merlot;2016;83;44;30;wood/black berries/herbaceous
Mascarello Giuseppe e Figlio;Barolo Riserva Monprivato Cà d'Morissio ;4.7;34;1008.0;Beef / Pasta / Lamb;Italy;Barolo;Nebbiolo;2010;61;80;5;herbaceous/red fruits/wood
Cordero di Montezemolo;Barolo Monfalletto ;4.3;787;67.0;Beef / Pasta / Lamb;Italy;Barolo;Nebbiolo;2015;63;76;8;herbaceous/wood/red fruits
Cerbaiona;Brunello di Montalcino ;4.6;327;155.0;Beef / Lamb / Game (deer, chamois);Italy;Brunello di Montalcino;Sangiovese;2012;46;58;15;herbaceous/wood/red fruits
La Regola;La Regola Rosso ;4.4;27;49.9;Beef / Lamb / Veal;Italy;Tuscany;Miscela;2016;63;48;4;wood/black berries/herbaceous
Ottella;Ripa della Volta Amarone della Valpolicella ;4.3;431;45.88;Beef / Lamb / Game (deer, chamois);Italy;Amarone della Valpolicella;Miscela;2015;78;32;41;wood/black berries/red fruits
Bruno Giacosa;Falletto Barbaresco Asili ;4.3;65;155.0;Beef / Pasta / Lamb;Italy;Barbaresco;Nebbiolo;2017;58;67;9;herbaceous/red fruits/wood
Tenuta Luce;Luce Brunello di Montalcino ;4.4;685;110.0;Beef / Lamb / Game (deer, chamois);Italy;Brunello di Montalcino;Sangiovese;2013;52;58;12;wood/herbaceous/black berries
Giacomo Conterno;Barolo Riserva Monfortino ;4.9;51;1199.0;Beef / Pasta / Lamb;Italy;Barolo;Nebbiolo;2015;61;77;13;herbaceous/wood/red fruits
Giacomo Conterno;Barbera d'Alba Vigna Francia ;4.3;112;64.9;Pasta / Veal / Pork;Italy;Barbera d'Alba;Barbera;2019;58;26;10;wood/herbaceous/black berries
Tua Rita;Redigaffi Toscana ;4.6;120;376.0;Beef / Lamb / Veal;Italy;Tuscany;Merlot;2018;55;42;18;wood/black berries/herbaceous
Tenuta di Trinoro;Toscana Rosso ;4.5;30;239.0;Beef / Lamb / Veal;Italy;Tuscany;Cabernet Franc;1997;56;44;20;black berries/wood/herbaceous
Domenico Clerico;Barolo Pajana ;4.3;137;73.5;Beef / Pasta / Lamb;Italy;Barolo;Nebbiolo;2013;65;81;11;wood/herbaceous/red fruits
Bibi Graetz;Colore Toscana ;4.3;85;850.0;Beef / Lamb / Veal;Italy;Tuscany;Sangiovese;2016;52;42;2;red fruits/wood/black berries
Michele Chiarlo;Barolo Cannubi ;4.3;265;113.98;Beef / Pasta / Lamb;Italy;Barolo;Nebbiolo;2011;63;80;4;herbaceous/red fruits/wood
Tenuta Luce;Luce ;4.5;493;102.45;Beef / Lamb / Veal;Italy;Tuscany;Merlot;2017;53;44;12;wood/black berries/herbaceous
Castello dei Rampolla;d'Alceo ;4.3;93;109.79;Beef / Lamb / Veal;Italy;Tuscany;Cabernet Sauvignon;2015;52;45;18;wood/black berries/herbaceous
Tenuta CastelGiocondo;Brunello di Montalcino ;4.2;1908;53.98;Beef / Lamb / Game (deer, chamois);Italy;Brunello di Montalcino;Sangiovese;2006;49;57;7;wood/herbaceous/red fruits
Banfi;Poggio all'Oro Brunello di Montalcino Riserva ;4.4;543;107.0;Beef / Lamb / Game (deer, chamois);Italy;Brunello di Montalcino;Sangiovese;2010;48;55;11;wood/herbaceous/black berries
Nino Negri;Sfursat ;4.3;66;299.0;Beef / Lamb / Game (deer, chamois);Italy;Valtellina;Nebbiolo;2005;63;73;15;herbaceous/wood/red fruits
Castello della Paneretta;Chianti Classico Riserva ;4.3;34;19.76;Beef / Veal / Poultry;Italy;Chianti Classico;Sangiovese;2018;46;51;3;red fruits/wood/herbaceous
Kornell;Staffes Lagrein ;4.3;45;25.0;Beef / Pasta / Lamb;Italy;SÃ¼dtirol - Alto Adige;Lagrein;2018;58;42;11;herbaceous/black berries/red fruits
Quintarelli Giuseppe;Valpolicella Classico Superiore ;4.5;620;97.9;Beef / Pasta / Veal;Italy;Valpolicella Classico;Miscela;2013;46;32;21;wood/black berries/red fruits
Cottanera;Etna Riserva Contrada Zottorinoto Rosso ;4.4;34;73.5;Beef / Pasta / Lamb;Italy;Etna;Nerello Mascalese;2015;73;47;21;herbaceous/wood/red fruits
Antinori;Pian delle Vigne Brunello di Montalcino ;4.4;4047;61.98;Beef / Lamb / Game (deer, chamois);Italy;Brunello di Montalcino;Sangiovese;2013;48;53;8;wood/herbaceous/red fruits
Tommasi;Amarone della Valpolicella Classico ;4.3;13331;56.3;Beef / Lamb / Game (deer, chamois);Italy;Amarone della Valpolicella Classico;Miscela;2015;85;23;49;wood/black berries/red fruits
Bartolo Mascarello;Barbera d'Alba ;4.3;43;49.9;Pasta / Veal / Pork;Italy;Barbera d'Alba;Barbera;2019;53;23;8;red fruits/wood/black berries
Rocche dei Manzoni;Vigna Madonna Assunta La Villa Barolo Riserva ;4.3;35;265.0;Beef / Pasta / Lamb;Italy;Barolo;Nebbiolo;2006;66;72;9;herbaceous/wood/red fruits
Bussola;Amarone della Valpolicella Classico ;4.6;90;50.0;Beef / Lamb / Game (deer, chamois);Italy;Amarone della Valpolicella Classico;Corvina;2016;85;24;51;wood/frutta secca/black berries
Gaja;Sperss Barolo ;4.5;814;359.0;Beef / Pasta / Lamb;Italy;Barolo;Nebbiolo;2011;64;77;8;herbaceous/wood/black berries
Siro Pacenti;Pelagrilli Brunello di Montalcino ;4.3;162;76.0;Beef / Lamb / Game (deer, chamois);Italy;Brunello di Montalcino;Sangiovese;2008;46;59;9;wood/red fruits/herbaceous
San Filippo;Le Lucére Brunello di Montalcino Riserva ;4.4;28;195.0;Beef / Lamb / Game (deer, chamois);Italy;Brunello di Montalcino;Sangiovese;2010;47;60;0;wood/herbaceous/red fruits
Vietti;Barolo Rocche di Castiglione ;4.3;87;135.0;Beef / Pasta / Lamb;Italy;Barolo;Nebbiolo;2012;61;76;13;herbaceous/red fruits/wood
Ruffino;Romitorio di Santedame Toscana ;4.3;402;68.98;Beef / Lamb / Veal;Italy;Tuscany;Merlot;2007;54;44;17;wood/black berries/herbaceous
Baglio del Cristo di Campobello;Lu Patri Nero d'Avola ;4.3;70;22.9;Beef / Pasta / Lamb;Italy;Sicilia;Nero d'Avola;2018;77;40;25;black berries/wood/herbaceous
Matteo Correggia;Ròche d'Ampsèj Roero Riserva ;4.4;75;34.95;Beef / Pasta / Lamb;Italy;Roero;Nebbiolo;2016;67;48;18;wood/red fruits/herbaceous
Donnafugata;Mille E Una Notte ;4.3;1069;66.0;Beef / Pasta / Lamb;Italy;Contessa Entellina;Nero d'Avola;2015;82;45;27;wood/black berries/herbaceous
Masseto;Toscana ;4.7;741;1452.0;Beef / Lamb / Veal;Italy;Tuscany;Merlot;2013;58;46;17;wood/black berries/herbaceous
Vietti;Barolo Lazzarito ;4.4;61;169.0;Beef / Pasta / Lamb;Italy;Barolo;Nebbiolo;2017;61;77;7;herbaceous/wood/red fruits
Trabucchi d'Illasi;Amarone della Valpolicella Riserva Cent’anni ;4.5;120;94.5;Beef / Lamb / Game (deer, chamois);Italy;Amarone della Valpolicella;Miscela;2006;85;20;48;wood/herbaceous/red fruits
Li Veli;Pezzo Morgana Riserva Salice Salentino ;4.3;46;19.96;Beef / Pasta / Lamb;Italy;Salice Salentino;Negroamaro;2019;84;41;29;black berries/herbaceous/wood
Santi Nobile;Cento X Cento Appassimento Primitivo ;4.3;189;14.9;Beef / Pasta / Lamb;Italy;Puglia;Primitivo;2019;69;20;50;black berries/wood/red fruits
Paolo Scavino;Barolo Monvigliero ;4.4;27;90.0;Beef / Pasta / Lamb;Italy;Barolo;Nebbiolo;2017;63;72;5;red fruits/herbaceous/wood
Fattoria del Pino;Brunello di Montalcino ;4.4;109;49.0;Beef / Lamb / Game (deer, chamois);Italy;Brunello di Montalcino;Sangiovese;2014;45;54;7;herbaceous/red fruits/wood
De Vescovi Ulzbach;Le Fron ;4.3;48;33.18;Beef / Pasta / Lamb;Italy;Trentino;;2016;56;46;20;red fruits/wood
Banfi;Poggio all'Oro Brunello di Montalcino Riserva ;4.4;825;130.0;Beef / Lamb / Game (deer, chamois);Italy;Brunello di Montalcino;Sangiovese;2007;48;55;11;wood/herbaceous/black berries
Farnese;Edizione Cinque Autoctoni;4.3;67196;19.99;na / na / na;Italy;Abruzzo;Miscela;na;69;38;27;wood/black berries/red fruits
Tenuta La Fuga;Brunello di Montalcino ;4.3;497;34.95;Beef / Lamb / Game (deer, chamois);Italy;Brunello di Montalcino;Sangiovese;2015;48;56;6;wood/herbaceous/red fruits
Santa Giulia;Brunello di Montalcino ;4.5;28;26.9;Beef / Lamb / Game (deer, chamois);Italy;Brunello di Montalcino;Sangiovese;2017;46;55;4;wood/red fruits/herbaceous
La Sala;Campo All’Albero ;4.4;32;55.0;Beef / Lamb / Veal;Italy;Tuscany;Miscela;2018;58;47;8;wood/herbaceous/black berries
Castello dei Rampolla;Sammarco ;4.3;346;59.9;Beef / Lamb / Veal;Italy;Tuscany;Miscela;2015;55;48;11;wood/herbaceous/black berries
Marchesi Fumanelli;Amarone della Valpolicella ;4.6;56;48.78;Beef / Lamb / Game (deer, chamois);Italy;Amarone della Valpolicella;Miscela;2017;84;23;50;wood/red fruits/black berries
Castello del Terriccio;Lupicaia ;4.3;110;120.4;Beef / Lamb / Veal;Italy;Tuscany;Miscela;2015;57;45;13;wood/black berries/herbaceous
Paolo Scavino;Barolo Monvigliero ;4.3;38;80.78;Beef / Pasta / Lamb;Italy;Barolo;Nebbiolo;2016;63;72;5;red fruits/herbaceous/wood
Rocca Sveva;Amarone della Valpolicella Riserva ;4.4;285;38.0;Beef / Lamb / Game (deer, chamois);Italy;Amarone della Valpolicella;Miscela;2015;85;22;48;wood/black berries/red fruits
Poggio Scalette;Il Carbonaione Alta Valle della Greve ;4.3;464;66.0;Beef / Lamb / Veal;Italy;Alta Valle della Greve;Sangiovese;2015;52;42;12;black berries/wood/herbaceous
Paolo Scavino;Bric Dël Fiasc Barolo ;4.3;230;100.0;Beef / Pasta / Lamb;Italy;Barolo;Nebbiolo;2015;63;77;8;herbaceous/wood/red fruits
Tenuta San Guido;Sassicaia ;4.7;1637;672.73;Beef / Pasta / Lamb;Italy;Bolgheri Sassicaia;Miscela;1998;62;64;10;wood/black berries/herbaceous
Biondi-Santi;Rosso di Montalcino ;4.3;264;59.0;Beef / Lamb / Veal;Italy;Rosso di Montalcino;Sangiovese;2017;45;44;3;red fruits/wood/herbaceous
Ornellaia;Bolgheri Superiore ;4.5;2785;250.0;Beef / Pasta / Lamb;Italy;Bolgheri Superiore;Miscela;2013;65;65;13;wood/black berries/herbaceous
Casale del Giglio;Mater Matuta Lazio Rosso ;4.3;55;39.3;Beef / Pasta / Veal;Italy;Lazio;Shiraz/Syrah;2017;58;39;14;wood/black berries/red fruits
La Spinetta;Vürsù Barolo Campè ;4.4;203;109.0;Beef / Pasta / Lamb;Italy;Barolo;Nebbiolo;2014;65;77;10;herbaceous/wood/red fruits
Bruno Giacosa;Falletto Barbaresco Rabaja ;4.4;38;199.0;Beef / Pasta / Lamb;Italy;Barbaresco;Nebbiolo;2015;62;70;7;red fruits/herbaceous/wood
Tenuta San Guido;Sassicaia ;4.6;6927;495.0;Beef / Pasta / Lamb;Italy;Bolgheri Sassicaia;Miscela;2011;62;64;10;wood/black berries/herbaceous
La Braccesca;Bramasole Syrah ;4.3;25;34.99;Beef / Lamb / Veal;Italy;Cortona;Shiraz/Syrah;2018;56;40;16;wood/black berries/spezie
Gaja;Pieve Santa Restituta Brunello di Montalcino ;4.4;1222;61.0;Beef / Lamb / Game (deer, chamois);Italy;Brunello di Montalcino;Sangiovese;2016;49;58;9;wood/herbaceous/red fruits
Antinori;Tenuta Tignanello 'Solaia' ;4.5;1025;275.0;Beef / Lamb / Veal;Italy;Tuscany;Cabernet Sauvignon;2002;54;42;15;wood/black berries/herbaceous
Brunelli;Campo Inferi Amarone della Valpolicella Classico Riserva ;4.6;161;74.98;Beef / Lamb / Game (deer, chamois);Italy;Amarone della Valpolicella Classico;Miscela;2015;85;28;48;wood/black berries/frutta secca
Tenuta Prima Pietra;Permassimo ;4.6;35;185.0;Beef / Lamb / Veal;Italy;Tuscany;Miscela;2016;62;49;0;spezie/herbaceous/red fruits
Cesari;Il Bosco Amarone Della Valpolicella Classico ;4.4;336;42.0;Beef / Lamb / Game (deer, chamois);Italy;Amarone della Valpolicella Classico;Miscela;2015;83;28;46;wood/black berries/red fruits
Cupano;Rosso di Montalcino ;4.3;51;39.35;Beef / Lamb / Veal;Italy;Rosso di Montalcino;Sangiovese;2018;50;41;15;wood/red fruits/herbaceous
Bertani;Amarone della Valpolicella Classico ;4.6;324;542.0;Beef / Lamb / Game (deer, chamois);Italy;Amarone della Valpolicella Classico;Miscela;1967;83;26;45;wood/frutta secca/herbaceous
Gravner;Rujno Rosso ;4.5;41;247.0;Beef / Pasta / Lamb;Italy;Venezia Giulia;Merlot;1999;65;47;21;black berries/wood/herbaceous
Masseto;Toscana ;4.8;476;1700.0;Beef / Lamb / Veal;Italy;Tuscany;Merlot;2002;58;46;17;wood/black berries/herbaceous
Rivella Serafino;Montestefano Barbaresco ;4.6;58;126.0;Beef / Pasta / Lamb;Italy;Barbaresco;Nebbiolo;2016;61;76;4;herbaceous/wood/red fruits
Castello del Terriccio;Lupicaia ;4.4;176;119.98;Beef / Lamb / Veal;Italy;Tuscany;Miscela;2011;57;45;13;wood/black berries/herbaceous
Bussola;Amarone della Valpolicella Classico Vigneto Alto TB ;4.7;155;145.0;Beef / Lamb / Game (deer, chamois);Italy;Amarone della Valpolicella Classico;Miscela;2009;85;24;52;wood/black berries/frutta secca
Velenosi;Roggio del Filare Rosso Piceno Superiore ;4.2;75;26.9;Beef / Pasta / Veal;Italy;Rosso Piceno;Miscela;2018;54;41;17;black berries/wood/herbaceous
Massolino;Barolo Parafada ;4.5;60;73.5;Beef / Pasta / Lamb;Italy;Barolo;Nebbiolo;2017;63;78;7;herbaceous/red fruits/wood
Biondi-Santi;Brunello di Montalcino ;4.4;1535;241.98;Beef / Lamb / Game (deer, chamois);Italy;Brunello di Montalcino;Sangiovese;2010;47;58;8;herbaceous/wood/red fruits
Bovio;Gattera Barolo ;4.4;119;46.9;Beef / Pasta / Lamb;Italy;Barolo;Nebbiolo;2015;62;79;1;herbaceous/red fruits/wood
Castello Nipozzano;Mormoreto Toscana ;4.4;896;64.0;Beef / Lamb / Veal;Italy;Tuscany;Miscela;2015;57;45;10;wood/black berries/herbaceous
Cantina Valpantena;Amarone della Valpolicella ;4.2;1180;23.55;Beef / Lamb / Game (deer, chamois);Italy;Amarone della Valpolicella;Miscela;2018;85;22;50;wood/black berries/red fruits
Valdicava;Brunello di Montalcino ;4.4;637;79.0;Beef / Lamb / Game (deer, chamois);Italy;Brunello di Montalcino;Sangiovese;2013;51;59;8;herbaceous/wood/black berries
Antinori;Tenuta Tignanello 'Solaia' ;4.6;879;410.0;Beef / Lamb / Veal;Italy;Tuscany;Cabernet Sauvignon;2014;54;42;15;wood/black berries/herbaceous
Aldo Conterno;Barolo Riserva Granbussia ;4.6;31;520.0;Beef / Pasta / Lamb;Italy;Barolo;Nebbiolo;2009;62;77;12;herbaceous/wood/red fruits
Antinori;Tignanello ;4.5;1446;283.0;Beef / Lamb / Veal;Italy;Tuscany;Miscela;2000;53;42;11;wood/black berries/herbaceous
Ornellaia;Bolgheri Superiore ;4.7;2095;427.0;Beef / Pasta / Lamb;Italy;Bolgheri Superiore;Miscela;2007;65;65;13;wood/black berries/herbaceous
Tolaini;Tenuta Montebello Picconero ;4.5;171;60.0;Beef / Lamb / Veal;Italy;Tuscany;Miscela;2015;56;45;12;wood/black berries/herbaceous
La Fralluca;Cabernet Franc ;4.3;30;27.9;Beef / Lamb / Veal;Italy;Tuscany;Cabernet Franc;2016;52;42;0;herbaceous/black berries/spezie
Gaja;Conteisa Langhe ;4.5;118;240.0;Beef / Pasta / Lamb;Italy;Langhe;Miscela;2004;63;41;20;wood/herbaceous/red fruits
Moschioni;Schioppettino ;4.5;88;53.93;Beef / Pasta / Lamb;Italy;Colli Orientali del Friuli;Schioppettino;2011;70;41;20;wood/herbaceous/spezie
Rocche dei Manzoni;Barolo (Rocche) ;4.4;302;64.0;Beef / Pasta / Lamb;Italy;Barolo;Nebbiolo;2016;63;73;10;wood/herbaceous/black berries
Antinori;Tenuta Tignanello 'Solaia' ;4.6;1140;495.0;Beef / Lamb / Veal;Italy;Tuscany;Sangiovese;2000;54;42;15;wood/black berries/herbaceous
Produttori del Barbaresco;Barbaresco Riserva Montefico ;4.3;94;67.98;Beef / Pasta / Lamb;Italy;Barbaresco;Nebbiolo;2016;63;73;7;herbaceous/red fruits/wood
Cascina Belmonte;Fuochi ;4.3;32;28.98;Beef / Pasta / Lamb;Italy;Lombardia;Miscela;2018;74;42;31;black berries/red fruits/wood
Borgogno;Barolo Liste ;4.3;104;54.8;Beef / Pasta / Lamb;Italy;Barolo;Nebbiolo;2015;63;73;5;herbaceous/red fruits/wood
Quintodecimo;Terra d'Eclano Aglianico Irpinia ;4.4;26;46.74;Beef / Pasta / Lamb;Italy;Irpinia;Aglianico;2019;80;48;25;black berries/wood/herbaceous
E. Pira & Figli;Via Nuova Barolo ;4.2;69;73.5;Beef / Pasta / Lamb;Italy;Barolo;Nebbiolo;2017;64;83;5;herbaceous/red fruits/wood
Le Macchiole;Paleo ;4.4;48;115.0;Beef / Lamb / Veal;Italy;Tuscany;Cabernet Franc;2018;58;49;14;wood/black berries/herbaceous
Vietti;Barolo Ravera ;4.3;113;159.0;Beef / Pasta / Lamb;Italy;Barolo;Nebbiolo;2015;63;76;2;herbaceous/red fruits/wood
Carpineto;Vino Nobile di Montepulciano Vigneto St. Ercolano ;4.3;79;39.24;Beef / Game (deer, chamois) / Poultry;Italy;Vino Nobile di Montepulciano;Miscela;2010;57;52;7;wood/herbaceous/black berries
Gaja;Costa Russi (Barbaresco) Langhe ;4.6;91;598.0;Beef / Pasta / Lamb;Italy;Langhe;Nebbiolo;2011;62;67;12;herbaceous/wood/black berries
Bertani;Amarone della Valpolicella Classico ;4.4;550;170.0;Beef / Lamb / Game (deer, chamois);Italy;Amarone della Valpolicella Classico;Miscela;2000;83;26;45;wood/frutta secca/herbaceous
Bruno Giacosa;Barbaresco Albesani Santo Stefano ;4.4;337;139.0;Beef / Pasta / Lamb;Italy;Barbaresco;Nebbiolo;2011;60;67;11;herbaceous/red fruits/wood
Farnese;Edizione Cinque Autoctoni ;4.5;158;27.5;Beef / Pasta / Veal;Italy;Abruzzo;Miscela;2020;69;38;27;wood/black berries/red fruits
Cantina Sampietrana;Settebraccia ;4.3;45;19.2;Beef / Pasta / Lamb;Italy;Salento;Miscela;2018;85;42;34;wood/black berries/herbaceous
Bruno Giacosa;Falletto Barbaresco Asili Riserva ;4.4;39;379.0;Beef / Pasta / Lamb;Italy;Barbaresco;Nebbiolo;2014;65;74;11;red fruits/herbaceous/wood
Casanova di Neri;Cerretalto Brunello di Montalcino ;4.7;121;297.0;Beef / Lamb / Game (deer, chamois);Italy;Brunello di Montalcino;Sangiovese;2015;55;59;12;wood/herbaceous/black berries
Fanti;Riserva Vigna le Macchiarelle Brunello di Montalcino ;4.4;150;69.0;Beef / Lamb / Game (deer, chamois);Italy;Brunello di Montalcino;Sangiovese;2010;55;53;14;wood/black berries/herbaceous
Antinori;Badia a Passignano Gran Selezione Chianti Classico ;4.3;2412;51.0;Beef / Veal / Poultry;Italy;Chianti Classico;Sangiovese;2016;50;56;8;wood/herbaceous/red fruits
Mirafiore;Barolo Riserva ;4.3;66;178.18;Beef / Pasta / Lamb;Italy;Barolo;Nebbiolo;2004;67;76;13;herbaceous/black berries/wood
Marchesi di Gresy;Barbaresco Camp Gros Martinenga Riserva ;4.4;29;139.0;Beef / Pasta / Lamb;Italy;Barbaresco;Nebbiolo;2016;62;70;9;herbaceous/wood/red fruits
Il Paradiso di Frassina;(MozArt Wine) Brunello di Montalcino ;4.3;267;43.78;Beef / Lamb / Game (deer, chamois);Italy;Brunello di Montalcino;Sangiovese;2016;47;55;5;wood/herbaceous/red fruits
Stefano Accordini;Acinatico Amarone della Valpolicella Classico ;4.6;223;29.89;Beef / Lamb / Game (deer, chamois);Italy;Amarone della Valpolicella Classico;Miscela;2018;85;24;50;wood/black berries/frutta secca
Alfio Mozzi;Sforzato ;4.6;28;46.0;Beef / Lamb / Game (deer, chamois);Italy;Sforzato della Valtellina;Nebbiolo;2015;70;78;2;wood/spezie/red fruits
Casanova di Neri;Tenuta Nuova Brunello di Montalcino ;4.4;1525;130.0;Beef / Lamb / Game (deer, chamois);Italy;Brunello di Montalcino;Sangiovese;2008;52;57;13;wood/herbaceous/red fruits
Santadi;Shardana ;4.3;138;22.0;Beef / Pasta / Lamb;Italy;Valli di Porto Pino;Shiraz/Syrah;2013;85;41;31;black berries/herbaceous/wood
Feudi di San Gregorio;Piano Montevergine Taurasi ;4.3;119;61.0;Beef / Pasta / Lamb;Italy;Taurasi;Aglianico;2001;85;51;20;wood/herbaceous/black berries
Carpineto;Molin Vecchio ;4.3;183;37.24;Beef / Lamb / Veal;Italy;Tuscany;Miscela;2010;46;43;7;wood/black berries/herbaceous
Cantrina;Nepomuceno Rosso ;4.3;130;65.18;Beef / Pasta / Lamb;Italy;Benaco Bresciano;Miscela;2013;70;43;18;wood/black berries/herbaceous
Dal Forno Romano;Valpolicella Superiore Monte Lodoletta ;4.5;56;105.0;Beef / Pasta / Veal;Italy;Valpolicella;Miscela;2015;54;39;25;wood/black berries/herbaceous
Jacopo Biondi Santi;Schidione ;4.4;73;142.8;Beef / Lamb / Veal;Italy;Tuscany;Miscela;2011;57;42;11;wood/herbaceous/black berries
Cagliero;Terlo Barolo ;4.3;34;40.0;Beef / Pasta / Lamb;Italy;Barolo;Nebbiolo;2017;55;72;9;herbaceous/wood/red fruits
Col d'Orcia;Cabernet Sant'Antimo Olmaia ;4.3;114;35.0;Beef / Lamb / Veal;Italy;Sant'Antimo;Cabernet Sauvignon;2015;53;49;10;wood/black berries/herbaceous
Rocca delle Macìe;Sergio Zingarelli Chianti Classico Gran Selezione ;4.4;68;43.98;Beef / Veal / Poultry;Italy;Chianti Classico;Sangiovese;2015;50;55;11;wood/herbaceous/red fruits
Tenuta Sant'Antonio;Scaia Paradiso ;4.2;1110;11.24;Beef / Pasta / Lamb;Italy;Veneto;Miscela;2018;67;35;26;wood/herbaceous/black berries
Castello di Ama;L'Apparita ;4.4;90;318.0;Beef / Lamb / Veal;Italy;Tuscany;Merlot;2001;53;43;13;wood/herbaceous/black berries
Nativ;Blu Onice Aglianico Irpinia ;4.3;90;13.5;Beef / Pasta / Lamb;Italy;Irpinia;Aglianico;2019;85;40;37;black berries/wood/herbaceous
Allegrini;Amarone della Valpolicella Classico ;4.4;92;64.9;Beef / Lamb / Game (deer, chamois);Italy;Amarone della Valpolicella Classico;Corvina;2018;85;26;50;wood/black berries/frutta secca
Prunotto;Costamiòle Riserva ;4.4;46;29.8;Pasta / Veal / Pork;Italy;Nizza;Barbera;2017;60;23;7;wood/black berries/herbaceous
Feudi Salentini;Gocce Primitivo di Manduria ;4.3;165;28.41;Beef / Pasta / Lamb;Italy;Primitivo di Manduria;Primitivo;2019;68;22;52;wood/black berries/red fruits
Tenimenti Grieco;Triassi ;4.3;27;19.99;Beef / Pasta / Veal;Italy;Tintilia del Molise;Miscela;2015;59;55;6;wood/black berries
Nativ;Bicento ;4.3;31;18.8;na / na / na;Italy;Irpinia Campi Taurasini;Aglianico;2018;84;37;39;wood/black berries/red fruits
Poggio Antico;Brunello di Montalcino Riserva ;4.3;66;161.0;Beef / Lamb / Game (deer, chamois);Italy;Brunello di Montalcino;Sangiovese;2001;48;55;7;wood/herbaceous/black berries
Tenuta San Guido;Sassicaia ;4.6;2811;379.0;Beef / Pasta / Lamb;Italy;Bolgheri Sassicaia;Miscela;2005;62;64;10;wood/black berries/herbaceous
Corino;Arborina Barolo ;4.3;57;137.28;Beef / Pasta / Lamb;Italy;Barolo;Nebbiolo;2013;68;78;8;wood/herbaceous/red fruits
Pileum;Pilarocca Cesanese del Piglio Riserva ;4.3;44;29.9;Beef / Pasta / Veal;Italy;Cesanese del Piglio;Cesanese di Affile;2015;56;39;11;wood/black berries/spezie
Casanova di Neri;Brunello di Montalcino ;4.3;1198;74.0;Beef / Lamb / Game (deer, chamois);Italy;Brunello di Montalcino;Sangiovese;2016;50;57;10;wood/herbaceous/red fruits
Gianfranco Fino;Es Primitivo di Manduria ;4.5;391;79.9;Beef / Pasta / Lamb;Italy;Primitivo di Manduria;Primitivo;2019;70;24;45;black berries/wood/red fruits
Mauro Molino;Barolo Bricco Luciani ;4.3;157;45.48;Beef / Pasta / Lamb;Italy;Barolo;Nebbiolo;2016;64;74;7;herbaceous/red fruits/wood
Argiolas;Turriga Isola dei Nuraghi ;4.3;183;112.54;Beef / Pasta / Lamb;Italy;Isola dei Nuraghi;Cannonau;1999;84;46;29;wood/black berries/herbaceous
Mazzei;Siepi ;4.3;348;126.0;Beef / Lamb / Veal;Italy;Tuscany;Miscela;2006;55;42;13;wood/black berries/herbaceous
Castello di Ama;L'Apparita ;4.3;167;265.0;Beef / Lamb / Veal;Italy;Tuscany;Merlot;2013;53;43;13;wood/herbaceous/black berries
Massolino;Barolo Riserva Vigna Rionda ;4.3;263;109.5;Beef / Pasta / Lamb;Italy;Barolo;Nebbiolo;2012;63;77;10;herbaceous/wood/red fruits
Nervi;Vigna Molsino ;4.3;347;72.0;Beef / Lamb / Game (deer, chamois);Italy;Gattinara;Nebbiolo;2014;60;76;8;herbaceous/red fruits/wood
Roagna;Pira Barolo ;4.5;31;336.0;Beef / Pasta / Lamb;Italy;Barolo;Nebbiolo;2016;54;74;5;herbaceous/red fruits/wood
Aldo Conterno;Barolo Bussia Cicala ;4.3;166;427.0;Beef / Pasta / Lamb;Italy;Barolo;Nebbiolo;2005;65;75;10;herbaceous/wood/red fruits
Elio Altare;Barolo ;4.3;270;110.0;Beef / Pasta / Lamb;Italy;Barolo;Nebbiolo;2013;64;76;10;herbaceous/wood/red fruits
Salvioni;Rosso di Montalcino ;4.3;194;59.0;Beef / Lamb / Veal;Italy;Rosso di Montalcino;Sangiovese;2018;44;46;7;red fruits/herbaceous/wood
Brunelli;Campo del Titari Amarone della Valpolicella Classico Riserva ;4.7;80;85.29;Beef / Lamb / Game (deer, chamois);Italy;Amarone della Valpolicella Classico;Miscela;2016;85;27;52;wood/black berries/red fruits
Isole e Olena;Cepparello Red ;4.4;113;85.5;Beef / Lamb / Veal;Italy;Tuscany;Sangiovese;2018;51;43;10;wood/red fruits/herbaceous
Le Mortelle;Poggio Alle Nane Maremma Toscana ;4.3;543;72.0;Beef / Lamb / Veal;Italy;Maremma Tuscany;Miscela;2015;58;40;15;black berries/wood/herbaceous
Feudo Italia;Amarone della Valpolicella ;4.3;86;37.88;Beef / Lamb / Game (deer, chamois);Italy;Amarone della Valpolicella;Sangiovese;2017;84;29;49;red fruits/black berries/wood
Antinori;Tenuta Tignanello 'Solaia' ;4.6;1511;430.0;Beef / Lamb / Veal;Italy;Tuscany;Cabernet Sauvignon;2010;54;42;15;wood/black berries/herbaceous
Latium Morini;Campo León Amarone della Valpolicella ;4.5;108;29.36;Beef / Lamb / Game (deer, chamois);Italy;Amarone della Valpolicella;Miscela;2016;85;25;50;wood/black berries/red fruits
Domenico Clerico;Barolo Percristina ;4.3;349;143.0;Beef / Pasta / Lamb;Italy;Barolo;Nebbiolo;2003;64;81;11;herbaceous/wood/red fruits
Tenuta di Trinoro;Toscana Rosso ;4.5;143;263.62;Beef / Lamb / Veal;Italy;Tuscany;Miscela;2006;56;44;20;black berries/wood/herbaceous
Tenuta Sant'Antonio;Campo dei Gigli Amarone della Valpolicella ;4.3;460;49.5;Beef / Lamb / Game (deer, chamois);Italy;Amarone della Valpolicella;Miscela;2015;85;27;48;wood/black berries/herbaceous
ARPEPE;Sassella Rocce Rosse Riserva ;4.3;195;95.0;Beef / Lamb / Game (deer, chamois);Italy;Valtellina Superiore;Nebbiolo;2013;56;74;4;herbaceous/red fruits/wood
G.D. Vajra;Barolo Ravera ;4.3;103;76.5;Beef / Pasta / Lamb;Italy;Barolo;Nebbiolo;2017;62;81;3;red fruits/herbaceous/wood
Poggio San Polo;Podernovi Brunello di Montalcino ;4.5;104;128.0;Beef / Lamb / Game (deer, chamois);Italy;Brunello di Montalcino;Sangiovese;2015;46;55;8;herbaceous/wood/red fruits
Podere Il Carnasciale;Il Caberlot ;4.4;40;243.0;Beef / Lamb / Veal;Italy;Tuscany;;2003;55;42;17;black berries/wood/spezie
Produttori del Barbaresco;Barbaresco ;4.2;4662;31.0;Beef / Pasta / Lamb;Italy;Barbaresco;Nebbiolo;2017;62;71;4;red fruits/herbaceous/wood
Tenuta Sant'Antonio;Antonio Castagnedi Amarone della Valpolicella ;4.3;93;76.0;Beef / Lamb / Game (deer, chamois);Italy;Amarone della Valpolicella;Corvina;2003;85;25;48;wood/black berries/herbaceous
Castello di Ama;L'Apparita ;4.3;112;230.0;Beef / Lamb / Veal;Italy;Tuscany;Merlot;2014;53;43;13;wood/herbaceous/black berries
Tenuta Il Poggione;Brunello di Montalcino ;4.3;1777;37.95;Beef / Lamb / Game (deer, chamois);Italy;Brunello di Montalcino;Sangiovese;2016;50;59;8;wood/herbaceous/red fruits
Di Camillo;Tenute del Pojo Imperium Riserva Montepulciano d'Abruzzo ;4.3;38;11.9;Beef / Pasta / Veal;Italy;Montepulciano d'Abruzzo;Montepulciano;2016;47;44;12;wood/red fruits/herbaceous
Duemani;Duemani Cabernet Franc ;4.5;153;195.0;Beef / Lamb / Veal;Italy;Costa Tuscany;Cabernet Franc;2015;54;44;15;black berries/wood/herbaceous
Banfi;SummuS ;4.3;210;37.4;Beef / Lamb / Veal;Italy;Tuscany;Acolon;2017;52;43;10;wood/black berries/herbaceous
Santadi;Terre Brune Superiore Carignano del Sulcis ;4.3;172;42.9;Beef / Pasta / Lamb;Italy;Carignano del Sulcis;Carignan;2017;82;45;30;wood/black berries/herbaceous
Conti Costanti;Brunello di Montalcino ;4.4;191;65.9;Beef / Lamb / Game (deer, chamois);Italy;Brunello di Montalcino;Sangiovese;2016;48;57;8;herbaceous/wood/red fruits
Montevertine;Le Pergole Torte ;4.6;198;250.0;Beef / Lamb / Veal;Italy;Tuscany;Sangiovese;2018;48;43;9;herbaceous/red fruits/wood
Fonterutoli;Concerto Di Fonterutoli ;4.3;569;44.0;Beef / Lamb / Veal;Italy;Tuscany;Miscela;2015;57;46;10;wood/black berries/herbaceous
Tenuta Il Poggione;Brunello di Montalcino Riserva Vigna Paganelli ;4.4;286;82.0;Beef / Lamb / Game (deer, chamois);Italy;Brunello di Montalcino;Sangiovese;2015;52;61;8;wood/herbaceous/red fruits
Oddero;Barolo Vignarionda Riserva ;4.4;70;169.0;Beef / Pasta / Lamb;Italy;Barolo;Nebbiolo;2006;67;75;0;herbaceous/wood/red fruits
Elvio Cogno;Vigna Elena Barolo Riserva ;4.3;119;86.9;Beef / Pasta / Lamb;Italy;Barolo;Nebbiolo;2011;60;76;7;red fruits/herbaceous/wood
Valentini;Montepulciano d'Abruzzo ;4.5;91;393.28;Beef / Pasta / Veal;Italy;Montepulciano d'Abruzzo;Montepulciano;2001;39;42;16;herbaceous/wood/black berries
Villa Diamante;Libero Pensiero Riserva ;4.3;50;47.8;Beef / Pasta / Lamb;Italy;Taurasi;Aglianico;2008;77;61;19;
Altesino;Brunello di Montalcino ;4.2;2157;49.0;Beef / Lamb / Game (deer, chamois);Italy;Brunello di Montalcino;Sangiovese;2012;46;55;7;wood/herbaceous/red fruits
Aneri;Amarone Stella ;4.6;32;134.98;Beef / Pasta / Veal;Italy;Amarone della Valpolicella Classico;Miscela;2012;49;33;30;wood/black berries/herbaceous
Mamete Prevostini;Albareda Sforzato di Valtellina ;4.5;80;47.95;Beef / Lamb / Game (deer, chamois);Italy;Sforzato della Valtellina;Nebbiolo;2017;67;62;11;wood/black berries/herbaceous
Lodali;Lorens Barolo ;4.4;47;49.9;Beef / Pasta / Lamb;Italy;Barolo;Nebbiolo;2016;66;66;4;wood/black berries/herbaceous
La Valentina;Bellovedere Montepulciano d'Abruzzo (Riserva) ;4.5;36;34.28;Beef / Pasta / Veal;Italy;Montepulciano d'Abruzzo;Montepulciano;2016;56;46;12;wood/black berries/herbaceous
Pecchenino;Barolo Bussia ;4.3;30;49.8;Beef / Pasta / Lamb;Italy;Barolo;Nebbiolo;2016;63;81;7;herbaceous/red fruits/wood
La Spinetta;Vürsù Barbaresco Starderi ;4.4;267;142.0;Beef / Pasta / Lamb;Italy;Barbaresco;Nebbiolo;2013;65;74;9;herbaceous/wood/red fruits
Le Mortelle;Ampio ;4.7;124;169.0;Beef / Lamb / Veal;Italy;Tuscany;Miscela;2016;62;45;5;black berries/wood/spezie
Le Macchiole;Messorio ;4.5;288;336.0;Beef / Lamb / Veal;Italy;Tuscany;Merlot;2008;55;43;15;wood/black berries/herbaceous
Podere Forte;Petrucci Anfiteatro ;4.6;52;183.0;Beef / Lamb / Veal;Italy;Orcia;Sangiovese;2016;50;47;0;wood/black berries/spezie
Castello di Ama;L'Apparita ;4.3;40;230.0;Beef / Lamb / Veal;Italy;Tuscany;Merlot;1992;53;43;13;wood/herbaceous/black berries
Gaja;Barbaresco ;4.5;381;199.5;Beef / Pasta / Lamb;Italy;Barbaresco;Nebbiolo;2017;60;68;8;herbaceous/wood/red fruits
Bruno Rocca;Currà Barbaresco Riserva ;4.5;58;136.0;Beef / Pasta / Lamb;Italy;Barbaresco;Nebbiolo;2012;61;68;10;wood/red fruits/spezie
Caparzo;Brunello di Montalcino ;4.2;1131;26.59;Beef / Lamb / Game (deer, chamois);Italy;Brunello di Montalcino;Sangiovese;2016;46;54;4;wood/red fruits/herbaceous
Speri;Vigneto Monte Sant'Urbano Amarone della Valpolicella Classico ;4.4;985;45.88;Beef / Lamb / Game (deer, chamois);Italy;Amarone della Valpolicella Classico;Miscela;2016;83;25;46;wood/black berries/herbaceous
Conti Costanti;Brunello di Montalcino Riserva ;4.4;96;143.08;Beef / Lamb / Game (deer, chamois);Italy;Brunello di Montalcino;Sangiovese;2012;47;57;14;wood/herbaceous/black berries
Tiezzi Enzo;Vigna Soccorso Brunello di Montalcino ;4.3;104;45.9;Beef / Lamb / Game (deer, chamois);Italy;Brunello di Montalcino;Sangiovese;2015;52;62;6;wood/red fruits/herbaceous
Lupo Meraviglia;Tecnica del Salasso Tre di Tre ;4.2;1857;9.5;Beef / Pasta / Lamb;Italy;Puglia;Miscela;2019;79;43;33;wood/black berries/red fruits
Azienda Santa Barbara - Stefano Antonucci;Il Maschio da Monte Rosso ;4.4;26;21.0;Beef / Pasta / Veal;Italy;Marche;Montepulciano;2019;60;43;12;black berries/wood/herbaceous
Ciacci Piccolomini d'Aragona;Brunello di Montalcino Pianrosso ;4.4;806;63.98;Beef / Lamb / Game (deer, chamois);Italy;Brunello di Montalcino;Sangiovese;2013;47;55;8;herbaceous/wood/red fruits
Poggio Antico;Brunello di Montalcino ;4.3;602;54.0;Beef / Lamb / Game (deer, chamois);Italy;Brunello di Montalcino;Sangiovese;2010;46;53;6;wood/herbaceous/red fruits
Quintarelli Giuseppe;Amarone della Valpolicella Classico ;4.8;827;599.0;Beef / Lamb / Game (deer, chamois);Italy;Amarone della Valpolicella Classico;Miscela;2003;83;26;50;wood/black berries/herbaceous
La Spinetta;Vürsù Barbaresco Valeirano ;4.4;115;110.5;Beef / Pasta / Lamb;Italy;Barbaresco;Nebbiolo;2014;65;72;9;herbaceous/red fruits/wood
Mastrojanni;Vigna Schiena d'Asino Brunello di Montalcino ;4.4;66;148.0;Beef / Lamb / Game (deer, chamois);Italy;Brunello di Montalcino;Sangiovese;2001;50;59;5;wood/herbaceous/black berries
Poggio San Polo;Podernovi Brunello di Montalcino ;4.4;32;177.0;Beef / Lamb / Game (deer, chamois);Italy;Brunello di Montalcino;Sangiovese;2016;46;55;8;herbaceous/wood/red fruits
Comm. G.B. Burlotto;Barolo Monvigliero ;4.5;238;615.0;Beef / Pasta / Lamb;Italy;Barolo;Nebbiolo;2015;52;70;12;red fruits/herbaceous/wood
Bartolo Mascarello;Barolo ;4.6;61;390.0;Beef / Pasta / Lamb;Italy;Barolo;Nebbiolo;2017;59;77;9;herbaceous/red fruits/wood
Franco Conterno;Barolo Sette7Anni Riserva ;4.4;45;67.0;Beef / Pasta / Lamb;Italy;Barolo;Nebbiolo;2012;69;72;5;wood/herbaceous/red fruits
Casa Vinicola Bennati;Amarone della Valpolicella ;4.4;243;22.68;Beef / Lamb / Game (deer, chamois);Italy;Amarone della Valpolicella;Miscela;2018;85;23;47;wood/black berries/red fruits
Scarzello;Barolo del Comune di Barolo ;4.3;124;42.9;Beef / Pasta / Lamb;Italy;Barolo;Nebbiolo;2015;62;77;2;herbaceous/wood/red fruits
Tenuta di Trinoro;Toscana Rosso ;4.5;73;270.0;Beef / Lamb / Veal;Italy;Tuscany;Cabernet Franc;2018;56;44;20;black berries/wood/herbaceous
Elio Altare;Arborina Barolo ;4.6;42;136.0;Beef / Pasta / Lamb;Italy;Barolo;Nebbiolo;2017;62;75;11;herbaceous/red fruits/wood
Schola Sarmenti;Diciotto Primitivo ;4.6;67;54.7;Beef / Pasta / Lamb;Italy;Salento;Primitivo;2018;74;23;40;black berries/wood/herbaceous
Antinori;Pian delle Vigne Brunello di Montalcino ;4.3;1496;50.9;Beef / Lamb / Game (deer, chamois);Italy;Brunello di Montalcino;Sangiovese;2016;48;53;8;wood/herbaceous/red fruits
Aldo Conterno;Il Favot Langhe Nebbiolo ;4.3;194;45.0;Beef / Lamb / Game (deer, chamois);Italy;Langhe;Nebbiolo;2017;64;80;8;red fruits/wood/herbaceous
Il Marroneto;Madonna delle Grazie Brunello di Montalcino ;4.7;225;666.0;Beef / Lamb / Game (deer, chamois);Italy;Brunello di Montalcino;Sangiovese;2010;53;59;13;herbaceous/red fruits/wood
Altesino;Brunello di Montalcino Montosoli ;4.3;712;71.7;Beef / Lamb / Game (deer, chamois);Italy;Brunello di Montalcino;Sangiovese;2012;49;58;8;wood/herbaceous/black berries
Casanova di Neri;Cerretalto Brunello di Montalcino ;4.7;398;427.0;Beef / Lamb / Game (deer, chamois);Italy;Brunello di Montalcino;Sangiovese;2012;55;59;12;wood/herbaceous/black berries
Renato Ratti;Barolo Marcenasco ;4.3;1762;39.9;Beef / Pasta / Lamb;Italy;Barolo;Nebbiolo;2017;63;75;6;wood/herbaceous/red fruits
Ca'Viola;Barolo Sottocastello di Novello ;4.3;68;65.0;Beef / Pasta / Lamb;Italy;Barolo;Nebbiolo;2015;62;79;0;herbaceous/wood/red fruits
Bussola;Valpolicella Classico Superiore TB ;4.4;108;32.55;Beef / Pasta / Veal;Italy;Valpolicella Classico;Miscela;2015;51;33;22;wood/black berries/red fruits
Bruno Rocca;Currà Barbaresco Riserva ;4.3;43;303.68;Beef / Pasta / Lamb;Italy;Barbaresco;Nebbiolo;2013;61;68;10;wood/red fruits/spezie
Galardi;Terra di Lavoro ;4.3;176;45.9;Beef / Pasta / Lamb;Italy;Roccamonfina;Miscela;2016;83;46;27;herbaceous/black berries/wood
Collosorbo;Brunello di Montalcino ;4.4;358;47.96;Beef / Lamb / Game (deer, chamois);Italy;Brunello di Montalcino;Sangiovese;2016;50;56;10;wood/red fruits/herbaceous
Gulfi;NeroBufaleffj ;4.3;126;35.5;Beef / Pasta / Lamb;Italy;Terre Siciliane;Nero d'Avola;2016;83;43;28;black berries/wood/red fruits
Torre d'Orti;Amarone della Valpolicella ;4.4;475;72.0;Beef / Lamb / Game (deer, chamois);Italy;Amarone della Valpolicella;Miscela;2017;85;30;47;wood/black berries/red fruits
Brancaia;Il Blu ;4.4;185;59.87;Beef / Lamb / Veal;Italy;Tuscany;Miscela;2018;54;45;12;wood/black berries/herbaceous
Bartolo Mascarello;Barolo ;4.5;118;400.0;Beef / Pasta / Lamb;Italy;Barolo;Nebbiolo;2001;59;77;9;herbaceous/red fruits/wood
Feudi di San Gregorio;Pàtrimo ;4.4;67;98.0;Beef / Pasta / Lamb;Italy;Campania;Merlot;2004;83;44;30;wood/black berries/herbaceous
Avignonesi;Grandi Annate Sangiovese ;4.3;502;56.8;Beef / Lamb / Veal;Italy;Tuscany;Sangiovese;2015;53;46;7;wood/red fruits/herbaceous
Tenuta Argentiera;Bolgheri Superiore ;4.4;992;239.0;Beef / Pasta / Lamb;Italy;Bolgheri Superiore;Miscela;2016;66;66;8;wood/black berries/herbaceous
Biondi-Santi;Brunello di Montalcino ;4.4;976;222.0;Beef / Lamb / Game (deer, chamois);Italy;Brunello di Montalcino;Sangiovese;2001;47;58;8;herbaceous/wood/red fruits
Tenuta CastelGiocondo;Brunello di Montalcino ;4.3;3676;53.98;Beef / Lamb / Game (deer, chamois);Italy;Brunello di Montalcino;Sangiovese;2009;49;57;7;wood/herbaceous/red fruits
Dal Forno Romano;Amarone della Valpolicella Monte Lodoletta ;4.7;525;329.98;Beef / Lamb / Game (deer, chamois);Italy;Amarone della Valpolicella;Miscela;2009;85;30;51;wood/black berries/herbaceous
Casanova di Neri;Tenuta Nuova Brunello di Montalcino ;4.5;2295;89.0;Beef / Lamb / Game (deer, chamois);Italy;Brunello di Montalcino;Sangiovese;2012;52;57;13;wood/herbaceous/red fruits
Bruno Giacosa;Falletto Barolo ;4.4;281;160.0;Beef / Pasta / Lamb;Italy;Barolo;Nebbiolo;2012;60;75;10;herbaceous/red fruits/wood
Massolino;Barolo Riserva Vigna Rionda ;4.4;85;101.98;Beef / Pasta / Lamb;Italy;Barolo;Nebbiolo;2014;63;77;10;herbaceous/wood/red fruits
Marchesi di Barolo;Sarmassa Barolo ;4.4;268;61.48;Beef / Pasta / Lamb;Italy;Barolo;Nebbiolo;2015;64;78;9;wood/herbaceous/red fruits
Michele Chiarlo;Barolo Cannubi ;4.3;92;137.98;Beef / Pasta / Lamb;Italy;Barolo;Nebbiolo;2005;63;80;4;herbaceous/red fruits/wood
Antinori;Tenuta Guado al Tasso Bolgheri Superiore ;4.4;708;195.0;Beef / Pasta / Lamb;Italy;Bolgheri Superiore;Miscela;2000;66;64;11;wood/black berries/herbaceous
Arnaldo-Caprai;25 anni Montefalco Sagrantino ;4.3;312;88.0;Beef / Pasta / Veal;Italy;Montefalco Sagrantino;Sagrantino;2003;59;55;6;wood/herbaceous/black berries
Paolo Scavino;Barolo Cannubi ;4.3;25;97.58;Beef / Pasta / Lamb;Italy;Barolo;Nebbiolo;2016;65;78;9;herbaceous/wood/red fruits
Gaja;Sorì Tildìn (Barbaresco) Langhe ;4.6;114;555.0;Beef / Pasta / Lamb;Italy;Langhe;Nebbiolo;2016;64;69;9;herbaceous/wood/red fruits
Biondi-Santi;Brunello di Montalcino ;4.5;487;408.0;Beef / Lamb / Game (deer, chamois);Italy;Brunello di Montalcino;Sangiovese;2000;47;58;8;herbaceous/wood/red fruits
Masseto;Toscana ;4.7;509;1100.0;Beef / Lamb / Veal;Italy;Tuscany;Merlot;2015;58;46;17;wood/black berries/herbaceous
Domenico Clerico;Barolo Percristina ;4.5;58;210.0;Beef / Pasta / Lamb;Italy;Barolo;Nebbiolo;2010;64;81;11;herbaceous/wood/red fruits
Antinori;Tignanello ;4.6;97;130.0;Beef / Lamb / Veal;Italy;Tuscany;Miscela;2019;53;42;11;wood/black berries/herbaceous
Giacomo Conterno;Barolo Riserva Monfortino ;4.8;84;1520.0;Beef / Pasta / Lamb;Italy;Barolo;Nebbiolo;2014;61;77;13;herbaceous/wood/red fruits
Gaja;Sorì San Lorenzo ;4.5;105;500.0;Beef / Pasta / Lamb;Italy;Barbaresco;Nebbiolo;2014;63;73;12;herbaceous/wood/red fruits
Donatella Cinelli Colombini;Brunello di Montalcino Prime Donne Selection ;4.4;103;51.5;Beef / Lamb / Game (deer, chamois);Italy;Brunello di Montalcino;Sangiovese;2015;51;55;6;wood/herbaceous/red fruits
Tormaresca;Aglianico Castel del Monte Bocca di Lupo ;4.3;275;38.0;Beef / Pasta / Lamb;Italy;Castel del Monte;Aglianico;2014;85;50;30;wood/herbaceous/black berries
Tommasi;De Buris Amarone della Valpolicella Classico Riserva ;4.8;86;355.0;Beef / Lamb / Game (deer, chamois);Italy;Amarone della Valpolicella Classico;Miscela;2009;72;24;46;wood/black berries/herbaceous
Terenzi;Francesca Romana Maremma Toscana ;4.3;123;26.49;Beef / Lamb / Veal;Italy;Maremma Tuscany;Miscela;2016;55;45;14;wood/black berries/red fruits
La Mozza;Aragone Maremma Toscana ;4.3;31;22.9;Beef / Lamb / Veal;Italy;Maremma Tuscany;Miscela;2015;53;43;8;herbaceous/black berries/wood
Giacomo Fenocchio;Barolo Bussia ;4.3;260;39.9;Beef / Pasta / Lamb;Italy;Barolo;Nebbiolo;2017;63;75;7;herbaceous/wood/red fruits
Montevertine;Le Pergole Torte ;4.6;118;495.0;Beef / Lamb / Veal;Italy;Tuscany;Sangiovese;1995;48;43;9;herbaceous/red fruits/wood
La Spinetta;Vürsù Barolo Campè ;4.4;379;130.0;Beef / Pasta / Lamb;Italy;Barolo;Nebbiolo;2001;65;77;10;herbaceous/wood/red fruits
Ricasoli;Colledilà Chianti Classico Gran Selezione ;4.3;139;49.78;Beef / Veal / Poultry;Italy;Chianti Classico;Sangiovese;2017;47;56;5;wood/red fruits/herbaceous
Giuseppe Rinaldi;Tre Tine Barolo ;4.5;248;478.0;Beef / Pasta / Lamb;Italy;Barolo;Nebbiolo;2012;58;78;7;red fruits/herbaceous/spezie
Giacomo Conterno;Barolo Cerretta ;4.6;147;277.0;Beef / Pasta / Lamb;Italy;Barolo;Nebbiolo;2012;63;76;12;herbaceous/red fruits/wood
Canalicchio di Sopra;Brunello di Montalcino ;4.3;747;76.0;Beef / Lamb / Game (deer, chamois);Italy;Brunello di Montalcino;Sangiovese;2013;48;58;9;herbaceous/wood/red fruits
Tenuta CastelGiocondo;Ripe al Convento Brunello di Montalcino Riserva ;4.6;417;119.0;Beef / Lamb / Game (deer, chamois);Italy;Brunello di Montalcino;Sangiovese;2012;52;58;12;wood/herbaceous/black berries
Fanti;Vallocchio Brunello di Montalcino ;4.3;177;42.0;Beef / Lamb / Game (deer, chamois);Italy;Brunello di Montalcino;Sangiovese;2015;55;62;11;wood/herbaceous/red fruits
Comm. G.B. Burlotto;Barolo Monvigliero ;4.5;114;837.0;Beef / Pasta / Lamb;Italy;Barolo;Nebbiolo;2016;52;70;12;red fruits/herbaceous/wood
E. Pira & Figli;Mosconi Barolo ;4.3;172;74.4;Beef / Pasta / Lamb;Italy;Barolo;Nebbiolo;2013;66;81;8;herbaceous/wood/red fruits
Masi;Costasera Amarone della Valpolicella Classico ;4.3;5515;152.0;Beef / Lamb / Game (deer, chamois);Italy;Amarone della Valpolicella Classico;Corvina;2009;85;24;48;wood/black berries/herbaceous
G.D. Vajra;Barolo Bricco Delle Viole ;4.3;629;90.0;Beef / Pasta / Lamb;Italy;Barolo;Nebbiolo;2015;61;78;5;herbaceous/red fruits/wood
Fontodi;Flaccianello della Pieve ;4.6;1149;290.0;Beef / Lamb / Veal;Italy;Colli della Tuscany Centrale;Sangiovese;2016;55;46;10;wood/herbaceous/black berries
Antinori;Tenuta Tignanello 'Solaia' ;4.7;543;325.0;Beef / Lamb / Veal;Italy;Tuscany;Cabernet Sauvignon;2017;54;42;15;wood/black berries/herbaceous
Roagna;Pira Barolo ;4.4;250;177.0;Beef / Pasta / Lamb;Italy;Barolo;Nebbiolo;2013;54;74;5;herbaceous/red fruits/wood
Pianpolvere Soprano;Barolo Riserva ;4.4;131;345.0;Beef / Pasta / Lamb;Italy;Barolo;Nebbiolo;2004;66;74;14;herbaceous/wood/black berries
Giuseppe Rinaldi;Tre Tine Barolo ;4.6;114;478.0;Beef / Pasta / Lamb;Italy;Barolo;Nebbiolo;2015;58;78;7;red fruits/herbaceous/spezie
Virna;Riserva Barolo ;4.3;36;80.68;Beef / Pasta / Lamb;Italy;Barolo;Nebbiolo;2013;58;77;13;herbaceous/wood/spezie
Roagna;Gallina Barbaresco ;4.5;49;133.9;Beef / Pasta / Lamb;Italy;Barbaresco;Nebbiolo;2015;50;75;0;herbaceous/wood/red fruits
Produttori del Barbaresco;Barbaresco Riserva Rio Sordo ;4.3;182;52.9;Beef / Pasta / Lamb;Italy;Barbaresco;Nebbiolo;2015;59;71;7;herbaceous/red fruits/wood
Dal Forno Romano;Amarone della Valpolicella Monte Lodoletta ;4.4;25;395.0;Beef / Lamb / Game (deer, chamois);Italy;Amarone della Valpolicella;Corvina;2015;85;30;51;wood/black berries/herbaceous
Quintarelli Giuseppe;Veneto Alzero Cabernet ;4.7;81;917.0;Beef / Pasta / Lamb;Italy;Veneto;Miscela;2000;71;41;36;wood/black berries/herbaceous
Aldo Conterno;Barolo Bussia ;4.4;104;179.0;Beef / Pasta / Lamb;Italy;Barolo;Nebbiolo;1999;61;78;7;herbaceous/red fruits/wood
Chiara Condello;Le Lucciole ;4.3;37;45.47;Beef / Pasta / Lamb;Italy;Romagna;Sangiovese;2017;62;50;15;red fruits/wood/herbaceous
Attilio Ghisolfi;Barolo Bricco Visette ;4.3;100;48.9;Beef / Pasta / Lamb;Italy;Barolo;Nebbiolo;2010;65;77;9;herbaceous/red fruits/wood
La Spinetta;Vürsù Barbaresco Starderi ;4.3;279;110.0;Beef / Pasta / Lamb;Italy;Barbaresco;Nebbiolo;2003;65;74;9;herbaceous/wood/red fruits
Kornell;Kressfeld Merlot Riserva ;4.4;25;70.0;Beef / Pasta / Lamb;Italy;SÃ¼dtirol - Alto Adige;Merlot;2016;65;43;23;black berries/wood/red fruits
Kornell;Kressfeld Merlot Riserva ;4.3;59;62.18;Beef / Pasta / Lamb;Italy;SÃ¼dtirol - Alto Adige;Merlot;2015;65;43;23;black berries/wood/red fruits
Gaja;Sorì San Lorenzo ;4.7;244;550.0;Beef / Pasta / Lamb;Italy;Barbaresco;Nebbiolo;1999;63;73;12;herbaceous/wood/red fruits
Gaja;Sperss Barolo ;4.4;333;345.0;Beef / Pasta / Lamb;Italy;Barolo;Nebbiolo;2014;64;77;8;herbaceous/wood/black berries
Damilano;Barolo Cannubi ;4.3;428;230.0;Beef / Pasta / Lamb;Italy;Piemonte;Cabernet Sauvignon;2010;63;76;6;herbaceous/red fruits/wood
La Spinetta;Sezzana ;4.3;127;52.98;Beef / Lamb / Veal;Italy;Tuscany;Sangiovese;2006;50;42;8;wood/herbaceous/red fruits
Tenuta CastelGiocondo;Ripe al Convento Brunello di Montalcino Riserva ;4.5;43;83.5;Beef / Lamb / Game (deer, chamois);Italy;Brunello di Montalcino;Sangiovese;2015;52;58;12;wood/herbaceous/black berries
Dal Forno Romano;Amarone della Valpolicella Monte Lodoletta ;4.6;90;1155.0;Beef / Lamb / Game (deer, chamois);Italy;Amarone della Valpolicella;Corvina;1994;85;30;51;wood/black berries/herbaceous
Montemagno;Mysterium Barbera d'Asti Superiore ;4.2;29;20.65;Pasta / Veal / Pork;Italy;Barbera d'Asti;Barbera;2017;61;27;5;wood/red fruits/spezie
Biondi-Santi;Brunello di Montalcino ;4.3;58;343.0;Beef / Lamb / Game (deer, chamois);Italy;Brunello di Montalcino;Sangiovese;1986;47;58;8;herbaceous/wood/red fruits
Nervi;Vigna Valferana ;4.3;48;105.0;Beef / Lamb / Game (deer, chamois);Italy;Gattinara;Nebbiolo;2016;52;77;9;herbaceous/red fruits/wood
Pian dell'Orino;Bassolino di Sopra Brunello di Montalcino ;4.7;44;248.0;Beef / Lamb / Game (deer, chamois);Italy;Brunello di Montalcino;Sangiovese;2012;35;59;9;herbaceous/wood/black berries
Tenuta di Carleone;Il Guercio ;4.3;178;53.99;Beef / Lamb / Veal;Italy;Tuscany;Sangiovese;2019;41;40;8;red fruits/herbaceous/wood
Poggio di Sotto;Brunello di Montalcino Riserva ;4.5;41;280.0;Beef / Lamb / Game (deer, chamois);Italy;Brunello di Montalcino;Sangiovese;2015;47;53;8;wood/herbaceous/red fruits
Castello di Verduno;Barolo Monvigliero Riserva ;4.3;39;91.95;Beef / Pasta / Lamb;Italy;Barolo;Nebbiolo;2015;60;77;9;herbaceous/red fruits/wood
Tenuta CastelGiocondo;Ripe al Convento Brunello di Montalcino Riserva ;4.5;278;124.0;Beef / Lamb / Game (deer, chamois);Italy;Brunello di Montalcino;Sangiovese;2010;52;58;12;wood/herbaceous/black berries
Talenti;Brunello di Montalcino Riserva Pian di Conte ;4.4;63;69.9;Beef / Lamb / Game (deer, chamois);Italy;Brunello di Montalcino;Sangiovese;2015;46;54;12;wood/red fruits/herbaceous
Romanelli;Medeo Montefalco Sagrantino ;4.4;35;61.98;Beef / Pasta / Veal;Italy;Montefalco Sagrantino;Sagrantino;2015;56;59;16;wood/frutta secca/spezie
Banfi;Poggio all'Oro Brunello di Montalcino Riserva ;4.5;86;105.0;Beef / Lamb / Game (deer, chamois);Italy;Brunello di Montalcino;Sangiovese;1990;48;55;11;wood/herbaceous/black berries
Bolla;Le Origini Amarone della Valpolicella Classico Riserva ;4.3;796;41.72;Beef / Lamb / Game (deer, chamois);Italy;Amarone della Valpolicella Classico;Miscela;2015;85;25;46;wood/black berries/herbaceous
Patrizia Cencioni;123 Brunello di Montalcino Riserva ;4.6;57;307.78;Beef / Lamb / Game (deer, chamois);Italy;Brunello di Montalcino;Sangiovese;2015;52;57;3;wood/red fruits/herbaceous
Marchesi di Barolo;Sarmassa Barolo ;4.3;64;51.0;Beef / Pasta / Lamb;Italy;Barolo;Nebbiolo;2016;64;78;9;wood/herbaceous/red fruits
Tenuta San Guido;Sassicaia ;4.6;4209;450.0;Beef / Pasta / Lamb;Italy;Bolgheri Sassicaia;Miscela;2008;62;64;10;wood/black berries/herbaceous
Guido Porro;Vigna Rionda Barolo ;4.3;33;152.0;Beef / Pasta / Lamb;Italy;Barolo;Nebbiolo;2016;56;74;4;red fruits/herbaceous/wood
Rocche dei Manzoni;Vigna d'La Roul ;4.6;25;104.0;Beef / Pasta / Lamb;Italy;Barolo;Nebbiolo;2016;64;77;5;herbaceous/wood/black berries
Mastrojanni;Brunello di Montalcino ;4.3;220;51.0;Beef / Lamb / Game (deer, chamois);Italy;Brunello di Montalcino;Sangiovese;2016;50;57;8;wood/herbaceous/red fruits
Giacomo Conterno;Barolo ;4.3;126;478.0;Beef / Pasta / Lamb;Italy;Barolo;Nebbiolo;1964;57;74;8;herbaceous/red fruits/wood
Gaja;Pieve Santa Restituta Sugarille Brunello di Montalcino ;4.5;274;158.98;Beef / Lamb / Game (deer, chamois);Italy;Brunello di Montalcino;Sangiovese;2013;53;59;11;wood/herbaceous/red fruits
Varvaglione;Papale Linea Oro Primitivo di Manduria ;4.4;868;21.9;Beef / Pasta / Lamb;Italy;Primitivo di Manduria;Primitivo;2019;68;22;45;wood/black berries/red fruits
Terrecarsiche 1939;Fanova Riserva ;4.3;126;42.0;Beef / Pasta / Lamb;Italy;Gioia del Colle;Primitivo;2017;82;42;27;wood/herbaceous/black berries
Antoniolo;Gattinara Vigneto Castelle ;4.3;52;42.8;Beef / Lamb / Game (deer, chamois);Italy;Gattinara;Nebbiolo;2012;60;76;7;herbaceous/red fruits/wood
Caiarossa;Toscana ;4.3;565;56.25;Beef / Lamb / Veal;Italy;Tuscany;Merlot;2016;55;45;13;wood/black berries/herbaceous
Domenico Clerico;Barolo Aeroplan Servaj ;4.3;111;84.5;Beef / Pasta / Lamb;Italy;Barolo;Nebbiolo;2013;66;80;12;wood/herbaceous/spezie
Gaja;Darmagi Langhe ;4.4;41;210.0;Beef / Pasta / Lamb;Italy;Langhe;Cabernet Sauvignon;2016;68;46;19;wood/black berries/herbaceous
Principe Corsini;Zac Chianti Classico Gran Selezione ;4.4;120;111.7;Beef / Veal / Poultry;Italy;Chianti Classico;Sangiovese;2011;53;54;6;wood/black berries/herbaceous
Roagna;La Pira Barolo Vecchie Viti ;4.6;26;349.0;Beef / Pasta / Lamb;Italy;Barolo;Nebbiolo;2015;60;80;12;herbaceous/wood/red fruits
Ornellaia;Bolgheri Superiore ;4.6;599;393.0;Beef / Pasta / Lamb;Italy;Bolgheri Superiore;Merlot;1995;65;65;13;wood/black berries/herbaceous
Marchesi di Gresy;Barbaresco Gaiun Martinenga ;4.3;41;95.0;Beef / Pasta / Lamb;Italy;Barbaresco;Nebbiolo;2016;61;69;10;wood/herbaceous/red fruits
Aldrighetti;Amarone della Valpolicella Classico ;4.4;65;33.18;Beef / Lamb / Game (deer, chamois);Italy;Amarone della Valpolicella Classico;Miscela;2015;83;27;41;wood/herbaceous/black berries
Gaja;Sorì San Lorenzo ;4.5;211;632.0;Beef / Pasta / Lamb;Italy;Barbaresco;Nebbiolo;2006;63;73;12;herbaceous/wood/red fruits
Giacomo Conterno;Barbera d'Alba Vigna Francia ;4.4;503;94.98;Pasta / Veal / Pork;Italy;Barbera d'Alba;Barbera;2017;58;26;10;wood/herbaceous/black berries
Masi;Costasera Amarone della Valpolicella Classico ;4.4;2161;33.85;Beef / Lamb / Game (deer, chamois);Italy;Amarone della Valpolicella Classico;Corvina;2016;85;24;48;wood/black berries/herbaceous
Prunotto;Vigna Colonnello Barolo Riserva Bussia ;4.4;104;109.0;Beef / Pasta / Lamb;Italy;Barolo;Nebbiolo;2011;59;74;2;red fruits/herbaceous/wood
Conterno Fantino;Barolo Castelletto Vigna Pressenda ;4.3;86;67.0;Beef / Pasta / Lamb;Italy;Barolo;Nebbiolo;2016;61;77;2;herbaceous/wood/red fruits
Ruffino;Modus Primo ;4.4;31;44.99;Beef / Lamb / Veal;Italy;Tuscany;Miscela;2018;55;51;2;herbaceous
Giodo;Brunello di Montalcino ;4.5;113;149.0;Beef / Lamb / Game (deer, chamois);Italy;Brunello di Montalcino;Sangiovese;2016;51;56;6;wood/red fruits/herbaceous
Gorelli;Rosso di Montalcino ;4.4;119;35.9;Beef / Pasta / Veal;Italy;Rosso di Montalcino;;2018;51;47;56;herbaceous/wood/red fruits
Castello di Ama;L'Apparita ;4.5;86;279.98;Beef / Lamb / Veal;Italy;Tuscany;Merlot;2016;53;43;13;wood/herbaceous/black berries
Nino Negri;5 Stelle Sfursat ;4.4;71;108.0;Beef / Lamb / Game (deer, chamois);Italy;Valtellina;Nebbiolo;1997;66;76;16;wood/herbaceous/black berries
Massolino;Barolo Parussi ;4.3;27;69.0;Beef / Pasta / Lamb;Italy;Barolo;Nebbiolo;2017;62;79;10;herbaceous/red fruits/wood
Mazzei;Siepi ;4.4;761;152.0;Beef / Lamb / Veal;Italy;Tuscany;Miscela;2015;55;42;13;wood/black berries/herbaceous
Le Macchiole;Scrio ;4.3;47;139.9;Beef / Lamb / Veal;Italy;Tuscany;Shiraz/Syrah;1998;54;42;10;wood/black berries/spezie
Biondi-Santi;Brunello di Montalcino ;4.5;3484;180.0;Beef / Lamb / Game (deer, chamois);Italy;Brunello di Montalcino;Sangiovese;2007;47;58;8;herbaceous/wood/red fruits
Gaja;Sorì Tildìn (Barbaresco) Langhe ;4.6;119;515.0;Beef / Pasta / Lamb;Italy;Langhe;Nebbiolo;2015;64;69;9;herbaceous/wood/red fruits
Menegotti;Geodoro Rosso del Veronese ;4.3;93;32.1;Beef / Pasta / Lamb;Italy;Rosso Veronese;Miscela;2015;69;40;35;black berries/wood/red fruits
Castello del Terriccio;Lupicaia ;4.3;47;120.0;Beef / Lamb / Veal;Italy;Tuscany;Miscela;2016;57;45;13;wood/black berries/herbaceous
Avignonesi;Caprile ;4.3;62;43.0;Beef / Game (deer, chamois) / Poultry;Italy;Vino Nobile di Montepulciano;Sangiovese;2015;48;58;0;black berries/red fruits/herbaceous
Canalicchio di Sopra;Brunello di Montalcino Riserva ;4.5;139;145.9;Beef / Lamb / Game (deer, chamois);Italy;Brunello di Montalcino;Sangiovese;2010;51;58;9;herbaceous/wood/black berries
Arceno;Valadorna Toscana ;4.4;194;45.0;Beef / Lamb / Veal;Italy;Tuscany;Miscela;2015;55;41;4;wood/black berries/herbaceous
Il Paradiso di Manfredi;Brunello di Montalcino ;4.3;102;109.0;Beef / Lamb / Game (deer, chamois);Italy;Brunello di Montalcino;Sangiovese;2013;39;57;14;herbaceous/red fruits/wood
Roberto Voerzio;Barolo del Comune di la Morra ;4.4;118;115.0;Beef / Pasta / Lamb;Italy;Barolo;Nebbiolo;2017;64;72;10;red fruits/herbaceous/wood
La Spinetta;Vürsù Barbaresco Valeirano ;4.3;89;119.0;Beef / Pasta / Lamb;Italy;Barbaresco;Nebbiolo;2015;65;72;9;herbaceous/red fruits/wood
Mottura;Stilio Primitivo di Manduria ;4.3;211;10.99;na / na / na;Italy;Primitivo di Manduria;Primitivo;2020;70;21;46;wood/black berries/red fruits
Scopone;Brunello di Montalcino ;4.4;45;32.0;Beef / Lamb / Game (deer, chamois);Italy;Brunello di Montalcino;Sangiovese;2016;47;59;1;herbaceous/wood/black berries
Silvano Bolmida;Bussia Barolo ;4.3;108;49.5;Beef / Pasta / Lamb;Italy;Barolo;Nebbiolo;2016;66;79;8;herbaceous/red fruits/wood
Domenico Clerico;Barolo Pajana ;4.4;78;78.9;Beef / Pasta / Lamb;Italy;Barolo;Nebbiolo;2016;65;81;11;wood/herbaceous/red fruits
Pelissero;Barbaresco Vanotu ;4.3;72;71.5;Beef / Pasta / Lamb;Italy;Barbaresco;Nebbiolo;2016;64;70;7;wood/herbaceous/red fruits
Masseto;Toscana ;4.7;747;1700.0;Beef / Lamb / Veal;Italy;Tuscany;Merlot;2004;58;46;17;wood/black berries/herbaceous
Fanti;Vallocchio Brunello di Montalcino ;4.3;141;46.9;Beef / Lamb / Game (deer, chamois);Italy;Brunello di Montalcino;Sangiovese;2016;55;62;11;wood/herbaceous/red fruits
Siro Pacenti;Vecchie Vigne Brunello di Montalcino ;4.3;73;105.0;Beef / Lamb / Game (deer, chamois);Italy;Brunello di Montalcino;Sangiovese;2016;48;60;9;wood/herbaceous/red fruits
Antinori;Tignanello ;4.5;1141;318.0;Beef / Lamb / Veal;Italy;Tuscany;Miscela;1997;53;42;11;wood/black berries/herbaceous
Castello dei Rampolla;d'Alceo ;4.4;42;177.0;Beef / Lamb / Veal;Italy;Tuscany;Miscela;2016;52;45;18;wood/black berries/herbaceous
Castello di Ama;Vigneto Bellavista Chianti Classico ;4.5;43;179.0;Beef / Veal / Poultry;Italy;Chianti Classico;Miscela;2015;47;60;15;wood/herbaceous/red fruits
Livernano;Livernano Toscana Rosso ;4.3;26;55.0;Beef / Lamb / Veal;Italy;Tuscany;Miscela;2001;50;42;10;black berries/herbaceous/wood
Bartolo Mascarello;Barolo ;4.5;29;2818.0;Beef / Pasta / Lamb;Italy;Barolo;Nebbiolo;1989;59;77;9;herbaceous/red fruits/wood
Mazzei;Siepi ;4.4;579;90.0;Beef / Lamb / Veal;Italy;Tuscany;Sangiovese;2005;55;42;13;wood/black berries/herbaceous
Dal Forno Romano;Amarone della Valpolicella Monte Lodoletta ;4.7;273;427.0;Beef / Lamb / Game (deer, chamois);Italy;Amarone della Valpolicella;Miscela;2000;85;30;51;wood/black berries/herbaceous
Bartolo Mascarello;Barolo ;4.6;192;340.0;Beef / Pasta / Lamb;Italy;Barolo;Nebbiolo;2015;59;77;9;herbaceous/red fruits/wood
Domenico Clerico;Barolo Pajana ;4.3;155;104.0;Beef / Pasta / Lamb;Italy;Barolo;Nebbiolo;2011;65;81;11;wood/herbaceous/red fruits
Querciabella;Toscana Camartina ;4.3;312;109.0;Beef / Lamb / Veal;Italy;Tuscany;Cabernet Sauvignon;2008;53;43;13;wood/black berries/herbaceous
Garbole;Hatteso Amarone della Valpolicella Riserva ;4.6;141;149.0;Beef / Lamb / Game (deer, chamois);Italy;Amarone della Valpolicella;Cabernet Sauvignon;2011;84;32;46;wood/black berries/herbaceous
Feudi di San Gregorio;Pàtrimo ;4.4;114;122.0;Beef / Pasta / Lamb;Italy;Campania;Merlot;2006;83;44;30;wood/black berries/herbaceous
Cà dei Frati;Pietro Dal Cero Amarone della Valpolicella ;4.4;93;49.9;Beef / Lamb / Game (deer, chamois);Italy;Amarone della Valpolicella;Rondinella;2015;82;28;47;wood/black berries/red fruits
Mascarello Giuseppe e Figlio;Barolo Monprivato ;4.4;417;231.0;Beef / Pasta / Lamb;Italy;Barolo;Nebbiolo;2013;56;74;7;red fruits/herbaceous/wood
Le Macioche;Brunello di Montalcino ;4.3;263;52.9;Beef / Lamb / Game (deer, chamois);Italy;Brunello di Montalcino;Sangiovese;2007;47;55;7;herbaceous/red fruits/wood
Le Salette;La Marega Amarone della Valpolicella Classico ;4.4;433;70.5;Beef / Lamb / Game (deer, chamois);Italy;Amarone della Valpolicella Classico;Miscela;2015;84;23;50;wood/black berries/red fruits
Michele Chiarlo;Barolo Cannubi ;4.4;47;90.0;Beef / Pasta / Lamb;Italy;Barolo;Nebbiolo;2016;63;80;4;herbaceous/red fruits/wood
Tenuta Il Palagio;Sister Moon ;4.3;89;51.0;Beef / Lamb / Veal;Italy;Tuscany;Miscela;2016;48;39;10;wood/herbaceous/black berries
Allegrini;Amarone della Valpolicella Classico ;4.3;861;64.88;Beef / Lamb / Game (deer, chamois);Italy;Amarone della Valpolicella Classico;Corvina;2017;85;26;50;wood/black berries/frutta secca
Franz Haas;Pònkler ;4.5;30;89.0;Beef / Pasta / Lamb;Italy;Trentino-Alto Adige;Pinot Nero;2016;57;36;17;red fruits/wood/herbaceous
Fattoria le Pupille;Saffredi ;4.3;834;104.0;Beef / Lamb / Veal;Italy;Maremma Tuscany;Miscela;2014;54;46;15;wood/black berries/herbaceous
Zenato;Amarone della Valpolicella Classico Riserva (Sergio Zenato) ;4.5;537;85.0;Beef / Lamb / Game (deer, chamois);Italy;Amarone della Valpolicella Classico;Miscela;2013;85;25;50;wood/black berries/frutta secca
Tua Rita;Giusto di Notri Toscana ;4.3;179;102.0;Beef / Lamb / Veal;Italy;Tuscany;Cabernet Sauvignon;2005;56;45;11;wood/black berries/herbaceous
San Giusto a Rentennano;Percarlo ;4.5;134;230.0;Beef / Lamb / Veal;Italy;Tuscany;Sangiovese;2016;52;49;12;wood/herbaceous/red fruits
Baglio del Cristo di Campobello;Lusira Syrah ;4.3;62;23.0;Beef / Pasta / Lamb;Italy;Sicilia;Grillo;2017;75;43;31;wood/black berries/herbaceous
Pio Cesare;Il Bricco Barbaresco ;4.3;41;277.0;Beef / Pasta / Lamb;Italy;Barbaresco;Nebbiolo;2006;60;67;8;herbaceous/wood/red fruits
Avignonesi;Poggetto di Sopra Nobile di Montepulciano ;4.5;111;50.0;Beef / Game (deer, chamois) / Poultry;Italy;Vino Nobile di Montepulciano;Sangiovese;2016;50;63;12;red fruits/herbaceous/wood
Azienda Agricola Morella;La Signora Primitivo ;4.3;58;32.99;Beef / Pasta / Lamb;Italy;Puglia;Primitivo;2016;64;35;39;black berries/herbaceous/red fruits
Le Macchiole;Messorio ;4.6;169;376.0;Beef / Lamb / Veal;Italy;Tuscany;Merlot;2016;55;43;15;wood/black berries/herbaceous
Vietti;Barolo Brunate ;4.3;84;137.0;Beef / Pasta / Lamb;Italy;Barolo;Nebbiolo;2013;62;80;15;herbaceous/red fruits/wood
Gaja;Barbaresco ;4.6;933;427.0;Beef / Pasta / Lamb;Italy;Barbaresco;Nebbiolo;2004;60;68;8;herbaceous/wood/red fruits
Tenuta di Trinoro;Toscana Rosso ;4.4;98;230.0;Beef / Lamb / Veal;Italy;Tuscany;Cabernet Franc;2015;56;44;20;black berries/wood/herbaceous
Biondi-Santi;Brunello di Montalcino ;4.5;81;283.0;Beef / Lamb / Game (deer, chamois);Italy;Brunello di Montalcino;Sangiovese;1971;47;58;8;herbaceous/wood/red fruits
Produttori del Barbaresco;Barbaresco Riserva Pajé ;4.3;138;46.5;Beef / Pasta / Lamb;Italy;Barbaresco;Nebbiolo;2015;61;73;8;herbaceous/red fruits/wood
Il Marroneto;Madonna delle Grazie Brunello di Montalcino ;4.5;285;339.0;Beef / Lamb / Game (deer, chamois);Italy;Brunello di Montalcino;Sangiovese;2013;53;59;13;herbaceous/red fruits/wood
Virna;Cannubi Barolo ;4.6;60;64.0;Beef / Pasta / Lamb;Italy;Barolo;Nebbiolo;2015;67;76;5;herbaceous/wood/red fruits
Mocavero;Santufili Primitivo ;4.3;194;21.78;Beef / Pasta / Lamb;Italy;Salento;Primitivo;2017;67;22;46;wood/black berries/red fruits
Principe Corsini;Don Tommaso Gran Selezione Chianti Classico ;4.6;36;70.15;Beef / Veal / Poultry;Italy;Chianti Classico;Sangiovese;2011;52;61;5;herbaceous/black berries/wood
Castello di Ama;L'Apparita ;4.5;97;283.0;Beef / Lamb / Veal;Italy;Tuscany;Merlot;1998;53;43;13;wood/herbaceous/black berries
Tenuta di Trinoro;Toscana Rosso ;4.6;225;283.0;Beef / Lamb / Veal;Italy;Tuscany;Miscela;2009;56;44;20;black berries/wood/herbaceous
Vaona;Paverno Amarone della Valpolicella Classico ;4.4;34;34.4;Beef / Lamb / Game (deer, chamois);Italy;Amarone della Valpolicella Classico;Miscela;2016;82;28;42;wood/herbaceous/black berries
Brancaia;Ilatraia ;4.4;231;38.0;Beef / Lamb / Veal;Italy;Tuscany;Miscela;2017;57;44;11;black berries/wood/herbaceous
Fuligni;Brunello di Montalcino Riserva ;4.5;51;128.5;Beef / Lamb / Game (deer, chamois);Italy;Brunello di Montalcino;Sangiovese;2015;49;59;10;wood/red fruits/herbaceous
Corte dei Venti;Brunello di Montalcino ;4.3;146;43.4;Beef / Lamb / Game (deer, chamois);Italy;Brunello di Montalcino;Sangiovese;2015;48;50;4;herbaceous/wood/red fruits
Francesco Rinaldi & Figli;Barolo Le Brunate ;4.3;100;89.0;Beef / Pasta / Lamb;Italy;Barolo;Nebbiolo;2016;61;76;7;herbaceous/red fruits/wood
Giuseppe Cortese;Barbaresco Riserva Rabajà ;4.3;145;99.9;Beef / Pasta / Lamb;Italy;Barbaresco;Nebbiolo;2006;56;69;7;herbaceous/red fruits/wood
Antinori;Tenuta Guado al Tasso Bolgheri Superiore ;4.5;190;119.0;Beef / Pasta / Lamb;Italy;Bolgheri Superiore;Miscela;2019;66;64;11;wood/black berries/herbaceous
Zenato;Amarone della Valpolicella Classico Riserva (Sergio Zenato) ;4.5;42;75.9;Beef / Lamb / Game (deer, chamois);Italy;Amarone della Valpolicella Classico;Miscela;2016;85;25;50;wood/black berries/frutta secca
Antinori;Tenuta Guado al Tasso Cont'Ugo Bolgheri ;4.3;1060;38.78;Beef / Pasta / Lamb;Italy;Bolgheri;Merlot;2018;66;63;10;wood/black berries/red fruits
Bindi Sergardi;La Ghirlanda Chianti Classico ;4.3;30;17.89;Beef / Veal / Poultry;Italy;Chianti Classico;Sangiovese;2019;43;52;3;herbaceous/red fruits/wood
Basilisco;Storico ;4.3;32;49.0;Beef / Pasta / Lamb;Italy;Aglianico del Vulture Superiore;Aglianico;2012;85;46;18;herbaceous/black berries/spezie
Tenuta Luce;Luce Brunello di Montalcino ;4.4;689;152.0;Beef / Lamb / Game (deer, chamois);Italy;Brunello di Montalcino;Sangiovese;2012;52;58;12;wood/herbaceous/black berries
Lisini;Brunello di Montalcino ;4.4;286;55.9;Beef / Lamb / Game (deer, chamois);Italy;Brunello di Montalcino;Chardonnay;2016;48;57;10;wood/herbaceous/red fruits
Conti Costanti;Brunello di Montalcino Riserva ;4.5;128;179.0;Beef / Lamb / Game (deer, chamois);Italy;Brunello di Montalcino;Sangiovese;2010;47;57;14;wood/herbaceous/black berries
J. Hofstätter;Barthenau Vigna S. Urbano ;4.3;68;59.9;Beef / Veal / Game (deer, chamois);Italy;Trentino-Alto Adige;Pinot Nero;2017;40;28;6;red fruits/wood/herbaceous
Giovanni Rosso;Barolo La Serra ;4.4;34;74.5;Beef / Pasta / Lamb;Italy;Barolo;Nebbiolo;2017;63;78;10;herbaceous/red fruits/wood
Antinori;Pian delle Vigne Brunello di Montalcino ;4.4;352;85.0;Beef / Lamb / Game (deer, chamois);Italy;Brunello di Montalcino;Sangiovese;1997;48;53;8;wood/herbaceous/red fruits
Poggio di Sotto;Brunello di Montalcino ;4.6;115;296.0;Beef / Lamb / Game (deer, chamois);Italy;Brunello di Montalcino;Sangiovese;2001;46;56;8;herbaceous/wood/red fruits
Biondi-Santi;Brunello di Montalcino Riserva ;4.5;128;465.5;Beef / Lamb / Game (deer, chamois);Italy;Brunello di Montalcino;Sangiovese;2011;46;57;10;herbaceous/wood/red fruits
Vaona;Pegrandi Amarone della Valpolicella Classico ;4.4;105;35.4;Beef / Lamb / Game (deer, chamois);Italy;Amarone della Valpolicella Classico;Miscela;2016;85;23;53;wood/black berries/red fruits
Arnaldo-Caprai;Valdimaggio Montefalco Sagrantino ;4.4;107;27.68;Beef / Pasta / Veal;Italy;Montefalco Sagrantino;Sagrantino;2016;52;49;3;black berries/herbaceous/wood
Antinori;Tenuta Guado al Tasso Bolgheri Superiore ;4.4;394;393.0;Beef / Pasta / Lamb;Italy;Bolgheri Superiore;Miscela;1998;66;64;11;wood/black berries/herbaceous
Tenuta Luce;Luce ;4.3;27;114.0;Beef / Lamb / Veal;Italy;Tuscany;Sangiovese;2019;53;44;12;wood/black berries/herbaceous
Gaja;Sperss Barolo ;4.5;337;369.0;Beef / Pasta / Lamb;Italy;Barolo;Miscela;2010;64;77;8;herbaceous/wood/black berries
Bibi Graetz;Colore Toscana ;4.5;70;598.0;Beef / Lamb / Veal;Italy;Tuscany;Sangiovese;2011;52;42;2;red fruits/wood/black berries
Giodo;Brunello di Montalcino ;4.5;191;170.0;Beef / Lamb / Game (deer, chamois);Italy;Brunello di Montalcino;Sangiovese;2015;51;56;6;wood/red fruits/herbaceous
Masseria Frattasi;Kylyx Cabernet Sauvignon ;4.4;68;275.0;Beef / Pasta / Lamb;Italy;Campania;Cabernet Sauvignon;2015;85;46;25;black berries/wood/spezie
Massolino;Barolo Parafada ;4.4;99;108.0;Beef / Pasta / Lamb;Italy;Barolo;Nebbiolo;2016;63;78;7;herbaceous/red fruits/wood
Taurino;Patriglione ;4.4;48;69.0;Beef / Pasta / Lamb;Italy;Salento;Miscela;1999;82;40;31;herbaceous/wood/black berries
Lisini;Brunello di Montalcino ;4.4;178;71.0;Beef / Lamb / Game (deer, chamois);Italy;Brunello di Montalcino;Sangiovese;2004;48;57;10;wood/herbaceous/red fruits
Roagna;Pajè Barbaresco Vecchie Viti ;4.6;31;345.0;Beef / Pasta / Lamb;Italy;Barbaresco;Nebbiolo;2015;58;70;5;herbaceous/red fruits/wood
Tenuta Luce;Luce ;4.4;1411;129.0;Beef / Lamb / Veal;Italy;Tuscany;Miscela;2015;53;44;12;wood/black berries/herbaceous
Scacciadiavoli;Sagrantino di Montefalco ;4.3;248;18.98;Beef / Pasta / Veal;Italy;Montefalco Sagrantino;Sagrantino;2016;58;52;7;herbaceous/wood/black berries
Poggio Antico;Altero Brunello di Montalcino ;4.4;324;54.8;Beef / Lamb / Game (deer, chamois);Italy;Brunello di Montalcino;Sangiovese;2011;49;55;7;wood/herbaceous/red fruits
Castello di Ama;L'Apparita ;4.5;150;318.0;Beef / Lamb / Veal;Italy;Tuscany;Merlot;2015;53;43;13;wood/herbaceous/black berries
Corte Sant'Alda;Valmezzane Amarone della Valpolicella ;4.6;52;64.5;Beef / Lamb / Game (deer, chamois);Italy;Amarone della Valpolicella;Miscela;2015;83;24;49;wood/frutta secca/black berries
Jacopo Biondi Santi;Sassoalloro Oro ;4.3;32;48.0;Beef / Lamb / Veal;Italy;Tuscany;Sangiovese;2019;44;41;10;wood/herbaceous/red fruits
Tenuta San Guido;Sassicaia ;4.6;1105;563.0;Beef / Pasta / Lamb;Italy;Bolgheri Sassicaia;Sangiovese;1996;62;64;10;wood/black berries/herbaceous
Castello Nipozzano;Mormoreto Toscana ;4.3;430;50.0;Beef / Lamb / Veal;Italy;Tuscany;Miscela;2016;57;45;10;wood/black berries/herbaceous
Elio Grasso;Barolo Ginestra Casa Maté ;4.3;94;80.0;Beef / Pasta / Lamb;Italy;Barolo;Nebbiolo;2017;65;74;12;herbaceous/wood/red fruits
G. Milazzo;Duca di Montalbo ;4.4;69;99.9;Beef / Pasta / Lamb;Italy;Terre Siciliane;Nero d'Avola;1999;85;50;35;herbaceous/wood/red fruits
Poggio Al Tesoro;Bolgheri Superiore Sondraia ;4.5;70;54.19;Beef / Pasta / Lamb;Italy;Bolgheri Superiore;Miscela;2018;68;66;11;wood/black berries/herbaceous
Antinori;Tenuta Tignanello 'Solaia' ;4.7;1924;410.0;Beef / Lamb / Veal;Italy;Tuscany;Cabernet Sauvignon;2011;54;42;15;wood/black berries/herbaceous
Bartolo Mascarello;Barolo ;4.3;65;380.0;Beef / Pasta / Lamb;Italy;Barolo;Nebbiolo;1998;59;77;9;herbaceous/red fruits/wood
Tua Rita;Redigaffi Toscana ;4.4;145;715.0;Beef / Lamb / Veal;Italy;Tuscany;Merlot;2005;55;42;18;wood/black berries/herbaceous
Gaja;Pieve Santa Restituta Brunello di Montalcino ;4.4;2658;58.9;Beef / Lamb / Game (deer, chamois);Italy;Brunello di Montalcino;Sangiovese;2013;49;58;9;wood/herbaceous/red fruits
Le Guaite di Noemi;Amarone ;4.3;109;64.99;Beef / Lamb / Game (deer, chamois);Italy;Amarone della Valpolicella;Miscela;2010;84;25;47;wood/red fruits/herbaceous
Masseto;Toscana ;4.7;423;1800.0;Beef / Lamb / Veal;Italy;Tuscany;Merlot;1998;58;46;17;wood/black berries/herbaceous
La Spinetta;Vürsù Barolo Campè ;4.5;443;163.0;Beef / Pasta / Lamb;Italy;Barolo;Nebbiolo;2007;65;77;10;herbaceous/wood/red fruits
Andrian;Anrar Pinot Noir ;4.3;67;35.9;Beef / Veal / Game (deer, chamois);Italy;SÃ¼dtirol - Alto Adige;Pinot Nero;2017;43;32;9;red fruits/wood/black berries
Feudi Salentini;Gocce Primitivo di Manduria ;4.3;410;25.8;Beef / Pasta / Lamb;Italy;Primitivo di Manduria;Primitivo;2017;68;22;52;wood/black berries/red fruits
Gianni Brunelli;Brunello di Montalcino ;4.3;257;98.0;Beef / Lamb / Game (deer, chamois);Italy;Brunello di Montalcino;Sangiovese;2015;45;57;5;red fruits/herbaceous/wood
Tommasi;Amarone della Valpolicella Classico ;4.3;472;85.98;Beef / Lamb / Game (deer, chamois);Italy;Amarone della Valpolicella Classico;Corvina;2004;85;23;49;wood/black berries/red fruits
Fanti;Riserva Vigna le Macchiarelle Brunello di Montalcino ;4.3;124;76.0;Beef / Lamb / Game (deer, chamois);Italy;Brunello di Montalcino;Sangiovese;2007;55;53;14;wood/black berries/herbaceous
Poggio di Sotto;Brunello di Montalcino Riserva ;4.6;106;329.0;Beef / Lamb / Game (deer, chamois);Italy;Brunello di Montalcino;Sangiovese;2013;47;53;8;wood/herbaceous/red fruits
Nativ;Suadens Campania Rosso ;4.3;59;13.9;Beef / Pasta / Lamb;Italy;Campania;Miscela;2020;83;33;42;wood/black berries/red fruits
Fonterenza;Brunello di Montalcino ;4.5;32;66.0;Beef / Lamb / Game (deer, chamois);Italy;Brunello di Montalcino;Sangiovese;2013;45;60;7;herbaceous/wood/red fruits
Braida;Ai Suma Barbera d'Asti ;4.4;324;84.0;Pasta / Veal / Pork;Italy;Barbera d'Asti;Barbera;2016;60;27;14;wood/herbaceous/black berries
Scagliola;Sansì Antologia ;4.5;59;48.5;Pasta / Veal / Pork;Italy;Barbera d'Asti;Barbera;2017;68;38;2;wood/red fruits/herbaceous
Monchiero Carbone;Mon Birone Barbera d'Alba ;4.3;137;29.08;Pasta / Veal / Pork;Italy;Barbera d'Alba;Barbera;2016;58;23;14;wood/black berries/herbaceous
Principe Corsini;Zac Chianti Classico Gran Selezione ;4.3;31;41.7;Beef / Veal / Poultry;Italy;Chianti Classico;Sangiovese;2015;53;54;6;wood/black berries/herbaceous
Allegrini;Amarone della Valpolicella Classico ;4.3;2241;95.0;Beef / Lamb / Game (deer, chamois);Italy;Amarone della Valpolicella Classico;Miscela;2015;85;26;50;wood/black berries/frutta secca
Michele Satta;Marianova Bolgheri Superiore ;4.4;81;199.0;Beef / Pasta / Lamb;Italy;Bolgheri Superiore;Miscela;2016;68;79;1;wood/black berries/herbaceous
Giovanni Canonica;Barolo Paiagallo ;4.4;80;184.0;Beef / Pasta / Lamb;Italy;Barolo;Nebbiolo;2017;60;79;11;herbaceous/red fruits/wood
Castello Romitorio;Filo di Seta Brunello di Montalcino ;4.4;48;130.0;Beef / Lamb / Game (deer, chamois);Italy;Brunello di Montalcino;Sangiovese;2016;50;63;2;wood/herbaceous/red fruits
Antinori;Tignanello ;4.5;4227;248.0;Beef / Lamb / Veal;Italy;Tuscany;Miscela;2007;53;42;11;wood/black berries/herbaceous
Fuligni;Brunello di Montalcino ;4.4;469;89.0;Beef / Lamb / Game (deer, chamois);Italy;Tuscany;Sangiovese;2015;48;58;6;herbaceous/wood/red fruits
Gaja;Sorì Tildìn (Barbaresco) Langhe ;4.4;101;598.0;Beef / Pasta / Lamb;Italy;Langhe;Nebbiolo;2008;64;69;9;herbaceous/wood/red fruits
Bibi Graetz;Colore Toscana ;4.3;89;330.0;Beef / Lamb / Veal;Italy;Tuscany;Sangiovese;2019;52;42;2;red fruits/wood/black berries
Sandrone;Barolo Le Vigne ;4.3;343;195.0;Beef / Pasta / Lamb;Italy;Barolo;Nebbiolo;2012;62;76;10;herbaceous/wood/red fruits
Castiglion del Bosco;Millecento Brunello di Montalcino Riserva ;4.6;67;180.0;Beef / Lamb / Game (deer, chamois);Italy;Brunello di Montalcino;Sangiovese;2015;46;56;9;wood/red fruits/herbaceous
Ricasoli;Castello di Brolio Gran Selezione Chianti Classico ;4.3;579;36.87;Beef / Veal / Poultry;Italy;Chianti Classico;Miscela;2016;49;46;9;wood/red fruits/herbaceous
Brandini;Barolo Cerretta ;4.3;25;55.0;Beef / Pasta / Lamb;Italy;Barolo;Nebbiolo;2016;61;80;8;herbaceous/wood/spezie
Vietti;Barolo Rocche di Castiglione ;4.4;46;137.0;Beef / Pasta / Lamb;Italy;Barolo;Nebbiolo;2013;61;76;13;herbaceous/red fruits/wood
Massolino;Barolo Parussi ;4.3;65;60.5;Beef / Pasta / Lamb;Italy;Barolo;Nebbiolo;2016;62;79;10;herbaceous/red fruits/wood
Alessandro di Camporeale;MNRL Vigna di Mandranova ;4.3;39;47.1;Beef / Pasta / Lamb;Italy;Sicilia;Shiraz/Syrah;2016;67;40;13;black berries/wood
Mauro Sebaste;Cerretta Barolo ;4.3;81;64.18;Beef / Pasta / Lamb;Italy;Barolo;Nebbiolo;2015;58;77;8;wood/red fruits/herbaceous
Aisna;Brunello di Montalcino ;4.5;30;65.86;Beef / Lamb / Game (deer, chamois);Italy;Brunello di Montalcino;Sangiovese;2015;56;65;10;wood/herbaceous/red fruits
Domenico Clerico;Barolo Ciabot Mentin Ginestra ;4.3;26;404.0;Beef / Pasta / Lamb;Italy;Barolo;Nebbiolo;1989;66;79;8;herbaceous/wood/black berries
Aldo Conterno;Barolo Bussia Romirasco ;4.6;48;283.0;Beef / Pasta / Lamb;Italy;Barolo;Nebbiolo;2017;62;78;9;wood/herbaceous/red fruits
Col d'Orcia;Poggio Al Vento Brunello di Montalcino Riserva ;4.3;137;100.0;Beef / Lamb / Game (deer, chamois);Italy;Brunello di Montalcino;Sangiovese;2013;51;58;8;wood/herbaceous/red fruits
Giacomo Conterno;Barolo Cascina Francia ;4.6;131;385.0;Beef / Pasta / Lamb;Italy;Barolo;Nebbiolo;2015;62;76;8;herbaceous/red fruits/wood
Sassetti Livio;Brunello di Montalcino ;4.3;297;73.89;Beef / Lamb / Game (deer, chamois);Italy;Brunello di Montalcino;Sangiovese;2015;48;57;6;herbaceous/wood/red fruits
Salvioni;Rosso di Montalcino ;4.3;41;62.0;Beef / Lamb / Veal;Italy;Rosso di Montalcino;Sangiovese;2019;44;46;7;red fruits/herbaceous/wood
Biserno;Bibbona ;4.4;32;135.0;Beef / Lamb / Veal;Italy;Tuscany;Merlot;2019;57;43;11;wood/black berries/herbaceous
Tenuta Il Poggione;Brunello di Montalcino ;4.2;3659;49.0;Beef / Lamb / Game (deer, chamois);Italy;Brunello di Montalcino;Sangiovese;2013;50;59;8;wood/herbaceous/red fruits
Stra;La Volta Barolo ;4.4;31;35.0;Beef / Pasta / Lamb;Italy;Barolo;Nebbiolo;2017;68;85;0;spezie/red fruits/wood
Castiglion del Bosco;Campo del Drago Brunello di Montalcino ;4.5;59;130.0;Beef / Lamb / Game (deer, chamois);Italy;Tuscany;Pinot Noir;2016;53;60;5;wood/herbaceous/black berries
Antinori;Tignanello ;4.5;11001;170.0;Beef / Lamb / Veal;Italy;Tuscany;Sangiovese;2013;53;42;11;wood/black berries/herbaceous
Ceretto;Barbaresco Asili ;4.4;43;158.0;Beef / Pasta / Lamb;Italy;Barbaresco;Nebbiolo;2016;53;75;1;red fruits/herbaceous/wood
Bruno Giacosa;Falletto Barbaresco Asili ;4.5;35;632.0;Beef / Pasta / Lamb;Italy;Barbaresco;Nebbiolo;2016;58;67;9;herbaceous/red fruits/wood
Mascarello Giuseppe e Figlio;Barolo Monprivato ;4.5;617;301.0;Beef / Pasta / Lamb;Italy;Barolo;Nebbiolo;2011;56;74;7;red fruits/herbaceous/wood
Nervi;Gattinara ;4.3;199;55.8;Beef / Lamb / Game (deer, chamois);Italy;Gattinara;Nebbiolo;2018;58;75;6;red fruits/herbaceous/wood
Marchesi di Gresy;Barbaresco Camp Gros Martinenga Riserva ;4.3;42;119.0;Beef / Pasta / Lamb;Italy;Barbaresco;Nebbiolo;2014;62;70;9;herbaceous/wood/red fruits
Riecine;La Gioia Toscana ;4.5;112;57.9;Beef / Lamb / Veal;Italy;Tuscany;Sangiovese;2017;47;36;15;wood/red fruits/herbaceous
Il Marroneto;Brunello di Montalcino ;4.4;383;105.0;Beef / Lamb / Game (deer, chamois);Italy;Brunello di Montalcino;Sangiovese;2016;45;57;9;red fruits/herbaceous/wood
Goretti;L’Arringatore ;4.3;116;24.5;Beef / Pasta / Veal;Italy;Colli Perugini;Miscela;2016;55;45;7;red fruits/wood/herbaceous
Cerbaiona;Brunello di Montalcino ;4.4;143;143.0;Beef / Lamb / Game (deer, chamois);Italy;Brunello di Montalcino;Sangiovese;2013;46;58;15;herbaceous/wood/red fruits
Giacomo Conterno;Barolo Arione ;4.6;30;250.0;Beef / Pasta / Lamb;Italy;Barolo;Nebbiolo;2016;64;70;7;red fruits/wood/black berries
Gaja;Conteisa Barolo ;4.5;81;240.0;Beef / Pasta / Lamb;Italy;Barolo;Nebbiolo;2015;59;67;9;herbaceous/wood/red fruits
Brancaia;Ilatraia ;4.3;204;44.99;Beef / Lamb / Veal;Italy;Tuscany;Miscela;2008;57;44;11;black berries/wood/herbaceous
Mamete Prevostini;Corte di Cama Sforzato di Valtellina ;4.3;68;37.95;Beef / Lamb / Game (deer, chamois);Italy;Sforzato della Valtellina;Nebbiolo;2018;67;73;17;wood/red fruits/herbaceous
Masseto;Toscana ;4.7;648;1600.0;Beef / Lamb / Veal;Italy;Tuscany;Merlot;2001;58;46;17;wood/black berries/herbaceous
Fanti;Brunello di Montalcino ;4.3;601;34.1;Beef / Lamb / Game (deer, chamois);Italy;Brunello di Montalcino;Sangiovese;2016;48;57;8;wood/herbaceous/red fruits
Banfi;Brunello di Montalcino ;4.2;1712;79.0;Beef / Lamb / Game (deer, chamois);Italy;Brunello di Montalcino;Sangiovese;2006;47;54;4;wood/herbaceous/red fruits
Fèlsina;Fontalloro ;4.3;947;42.9;Beef / Lamb / Veal;Italy;Tuscany;Sangiovese;2017;51;45;10;wood/herbaceous/red fruits
Petrolo;Galatrona ;4.3;256;109.0;Beef / Lamb / Veal;Italy;Tuscany;Sangiovese;2017;55;43;14;wood/black berries/herbaceous
Tinazzi;Ca' de' Rocchi Valpolicella Ripasso Superiore Monterè ;4.2;1598;14.0;Beef / Veal / Game (deer, chamois);Italy;Valpolicella Ripasso;Miscela;2018;67;35;30;wood/black berries/red fruits
Comm. G.B. Burlotto;Barolo Acclivi ;4.3;101;399.0;Beef / Pasta / Lamb;Italy;Barolo;Nebbiolo;2016;61;78;7;red fruits/wood/herbaceous
Michele Biancardi;Puro Puglia Primitivo ;4.3;47;10.5;Beef / Pasta / Lamb;Italy;Puglia;Primitivo;2020;63;21;36;black berries/frutta secca/red fruits
Castel di Salve;Lama del Tenente ;4.3;81;33.8;Beef / Pasta / Lamb;Italy;Salento;Miscela;2017;85;37;39;black berries/wood/herbaceous
Gaja;Sorì San Lorenzo ;4.5;187;490.0;Beef / Pasta / Lamb;Italy;Barbaresco;Nebbiolo;2013;63;73;12;herbaceous/wood/red fruits
Fattoria le Pupille;Saffredi ;4.3;874;122.0;Beef / Lamb / Veal;Italy;Maremma Tuscany;Miscela;2015;54;46;15;wood/black berries/herbaceous
Elio Grasso;Barolo Riserva Rüncot ;4.3;49;336.0;Beef / Pasta / Lamb;Italy;Barolo;Nebbiolo;2013;64;75;6;herbaceous/wood/red fruits
Bruno Giacosa;Falletto Barbaresco Asili ;4.5;93;427.0;Beef / Pasta / Lamb;Italy;Barbaresco;Nebbiolo;2014;58;67;9;herbaceous/red fruits/wood
Vietti;Barolo Castiglione ;4.2;1159;42.5;Beef / Pasta / Lamb;Italy;Barolo;Nebbiolo;2017;62;78;5;herbaceous/red fruits/wood
Severino Garofano;Le Braci ;4.5;40;46.9;Beef / Pasta / Lamb;Italy;Salento;Negroamaro;2014;83;42;40;black berries/wood/herbaceous
Quintarelli Giuseppe;Veneto Alzero Cabernet ;4.8;172;320.0;Beef / Pasta / Lamb;Italy;Veneto;Miscela;2009;71;41;36;wood/black berries/herbaceous
Soldera;Brunello di Montalcino Riserva ;4.7;101;1964.0;Beef / Lamb / Game (deer, chamois);Italy;Brunello di Montalcino;Sangiovese;1990;44;56;14;herbaceous/red fruits/wood
Cortonesi (La Mannella);Poggiarelli Brunello di Montalcino ;4.5;62;78.99;Beef / Lamb / Game (deer, chamois);Italy;Brunello di Montalcino;Sangiovese;2016;51;55;6;wood/herbaceous/red fruits
Col d'Orcia;Poggio Al Vento Brunello di Montalcino Riserva ;4.4;454;169.0;Beef / Lamb / Game (deer, chamois);Italy;Brunello di Montalcino;Sangiovese;2006;51;58;8;wood/herbaceous/red fruits
Produttori del Barbaresco;Barbaresco Riserva Muncagota ;4.3;254;49.3;Beef / Pasta / Lamb;Italy;Barbaresco;Nebbiolo;2015;63;74;2;herbaceous/red fruits/wood
Adanti;Il Domenico Montefalco Sagrantino ;4.3;134;36.0;Beef / Pasta / Veal;Italy;Montefalco Sagrantino;Sagrantino;2007;64;62;7;black berries/wood/herbaceous
Serafini & Vidotto;Phi 20 Anni ;4.3;88;26.8;Beef / Pasta / Lamb;Italy;Montello e Colli Asolani;Miscela;2014;63;43;18;black berries/red fruits
Elio Altare;Cerretta Barolo Riserva (Vigna Bricco) ;4.4;32;106.0;Beef / Pasta / Lamb;Italy;Barolo;Nebbiolo;2015;63;83;7;herbaceous/wood/red fruits
Col d'Orcia;Poggio Al Vento Brunello di Montalcino Riserva ;4.3;198;117.0;Beef / Lamb / Game (deer, chamois);Italy;Brunello di Montalcino;Sangiovese;2007;51;58;8;wood/herbaceous/red fruits
Cordero di Montezemolo;Barolo Monfalletto ;4.3;357;46.0;Beef / Pasta / Lamb;Italy;Barolo;Nebbiolo;2017;63;76;8;herbaceous/wood/red fruits
Biondi-Santi;Brunello di Montalcino Riserva ;4.6;121;538.0;Beef / Lamb / Game (deer, chamois);Italy;Brunello di Montalcino;Sangiovese;2012;46;57;10;herbaceous/wood/red fruits
Antinori;Tignanello ;4.4;233;248.0;Beef / Lamb / Veal;Italy;Tuscany;Miscela;1994;53;42;11;wood/black berries/herbaceous
San Marzano;60 Sessantanni Old Vines Primitivo di Manduria ;4.5;9272;21.97;Beef / Pasta / Lamb;Italy;Primitivo di Manduria;Primitivo;2017;70;23;47;wood/black berries/red fruits
Querce Bettina;Brunello di Montalcino ;4.3;81;45.0;Beef / Lamb / Game (deer, chamois);Italy;Brunello di Montalcino;Sangiovese;2013;49;57;8;herbaceous/red fruits/wood
Mazzei;Siepi ;4.4;574;110.0;Beef / Lamb / Veal;Italy;Tuscany;Miscela;2016;55;42;13;wood/black berries/herbaceous
Palari;Santa.Ne ;4.4;55;71.0;Beef / Pasta / Lamb;Italy;Terre Siciliane;Petit Verdot;2008;78;42;31;black berries/herbaceous/wood
Castellare;Chianti Classico Riserva Il Poggiale ;4.3;131;33.8;Beef / Veal / Poultry;Italy;Chianti Classico;Miscela;2018;48;57;11;red fruits/wood/herbaceous
Quintarelli Giuseppe;Valpolicella Classico Superiore ;4.5;384;75.9;Beef / Pasta / Veal;Italy;Valpolicella Classico;Corvina;2014;46;32;21;wood/black berries/red fruits
Gianfranco Fino;Es Primitivo di Manduria ;4.4;506;74.88;Beef / Pasta / Lamb;Italy;Primitivo di Manduria;Primitivo;2017;70;24;45;black berries/wood/red fruits
Le Chiuse;Brunello di Montalcino ;4.4;27;69.0;Beef / Lamb / Game (deer, chamois);Italy;Brunello di Montalcino;Sangiovese;2017;52;57;8;wood/herbaceous/red fruits
Tenuta CastelGiocondo;Brunello di Montalcino ;4.2;3691;61.98;Beef / Lamb / Game (deer, chamois);Italy;Brunello di Montalcino;Sangiovese;2011;49;57;7;wood/herbaceous/red fruits
Giacomo Conterno;Barolo Cascina Francia ;4.7;44;260.0;Beef / Pasta / Lamb;Italy;Barolo;Nebbiolo;2017;62;76;8;herbaceous/red fruits/wood
Costa Arente;Amarone della Valpolicella ;4.4;189;52.41;Beef / Lamb / Game (deer, chamois);Italy;Amarone della Valpolicella;Miscela;2015;77;30;44;wood/herbaceous/black berries
G. Milazzo;Terre della Baronia Rosso ;4.3;147;16.19;Beef / Pasta / Lamb;Italy;Sicilia;Nero d'Avola;2018;85;40;33;wood/black berries/red fruits
Ornellaia;Le Serre Nuove ;4.4;3668;69.0;Beef / Pasta / Lamb;Italy;Bolgheri;Miscela;2018;65;64;8;wood/black berries/herbaceous
Bruno Rocca;Maria Adelaide Barbaresco ;4.4;45;106.0;Beef / Pasta / Lamb;Italy;Barbaresco;Nebbiolo;2007;54;66;0;black berries/herbaceous/wood
Nervi;Vigna Molsino ;4.3;34;78.0;Beef / Lamb / Game (deer, chamois);Italy;Gattinara;Nebbiolo;2016;60;76;8;herbaceous/red fruits/wood
Argiano;Solengo ;4.3;526;110.0;Beef / Lamb / Veal;Italy;Tuscany;Miscela;2015;55;44;11;wood/black berries/herbaceous
Villabella;Fracastoro Riserva Amarone della Valpolicella Classico ;4.3;61;48.48;Beef / Lamb / Game (deer, chamois);Italy;Valpolicella;Miscela;2011;82;24;50;wood/black berries/herbaceous
Aldo Conterno;Barolo Bussia Cicala ;4.4;56;130.0;Beef / Pasta / Lamb;Italy;Barolo;Nebbiolo;2016;65;75;10;herbaceous/wood/red fruits
Vallepicciola;Lapina Gran Selezione Chianti Classico ;4.4;82;35.0;Beef / Veal / Poultry;Italy;Chianti Classico;Sangiovese;2017;56;62;16;wood/red fruits/black berries
Sandrone;Barolo Le Vigne ;4.3;364;195.0;Beef / Pasta / Lamb;Italy;Barolo;Nebbiolo;2009;62;76;10;herbaceous/wood/red fruits
Quintarelli Giuseppe;Amarone della Valpolicella Classico ;4.8;875;315.0;Beef / Lamb / Game (deer, chamois);Italy;Amarone della Valpolicella Classico;Corvina;2009;83;26;50;wood/black berries/herbaceous
Damilano;Barolo Lecinquevigne ;4.3;46;44.2;Beef / Pasta / Lamb;Italy;Barolo;Nebbiolo;2017;65;77;4;herbaceous/red fruits/wood
E. Pira & Figli;Cannubi Barolo ;4.4;143;117.0;Beef / Pasta / Lamb;Italy;Barolo;Nebbiolo;2015;61;77;9;herbaceous/red fruits/wood
Tenuta di Trinoro;Campo di Tenaglia Rosso Toscana ;4.3;41;117.0;Beef / Lamb / Veal;Italy;Tuscany;Cabernet Franc;2016;54;53;17;black berries/wood/herbaceous
Il Marroneto;Madonna delle Grazie Brunello di Montalcino ;4.7;75;420.0;Beef / Lamb / Game (deer, chamois);Italy;Brunello di Montalcino;Sangiovese;2016;53;59;13;herbaceous/red fruits/wood
Tenuta San Guido;Guidalberto ;4.2;4730;54.98;Beef / Lamb / Veal;Italy;Tuscany;Miscela;2017;51;41;8;wood/black berries/herbaceous
Aldrovandi;Bolgheri Superiore ;4.3;70;53.1;Beef / Pasta / Lamb;Italy;Bolgheri Superiore;Cabernet Franc;2015;69;76;0;
Baricci;Brunello di Montalcino ;4.4;183;115.0;Beef / Lamb / Game (deer, chamois);Italy;Brunello di Montalcino;Sangiovese;2015;48;58;8;herbaceous/wood/red fruits
Tenuta San Guido;Sassicaia ;4.6;6292;679.98;Beef / Pasta / Lamb;Italy;Bolgheri Sassicaia;Sangiovese;2010;62;64;10;wood/black berries/herbaceous
Siro Pacenti;Brunello di Montalcino Riserva ;4.3;66;189.0;Beef / Lamb / Game (deer, chamois);Italy;Brunello di Montalcino;Sangiovese;2012;46;61;12;black berries/wood/herbaceous
Tenuta San Guido;Sassicaia ;4.6;1637;289.98;Beef / Pasta / Lamb;Italy;Bolgheri Sassicaia;Cabernet Sauvignon;2018;62;64;10;wood/black berries/herbaceous
Col d'Orcia;Poggio Al Vento Brunello di Montalcino Riserva ;4.4;571;125.0;Beef / Lamb / Game (deer, chamois);Italy;Brunello di Montalcino;Sangiovese;2010;51;58;8;wood/herbaceous/red fruits
Tenuta Luce;Lux Vitis ;4.4;155;229.0;Beef / Lamb / Veal;Italy;Tuscany;Miscela;2015;63;53;23;wood/black berries/spezie
Oddero;Barolo Brunate ;4.3;120;130.0;Beef / Pasta / Lamb;Italy;Barolo;Nebbiolo;2015;65;77;7;herbaceous/red fruits/wood
Tua Rita;Redigaffi Toscana ;4.5;60;279.0;Beef / Lamb / Veal;Italy;Tuscany;Merlot;2019;55;42;18;wood/black berries/herbaceous
Antinori;Tenuta Guado al Tasso Cont'Ugo Bolgheri ;4.3;947;35.0;na / na / na;Italy;Bolgheri;Merlot;2019;66;63;10;wood/black berries/red fruits
Emidio Pepe;Montepulciano d'Abruzzo ;4.3;377;95.0;Beef / Pasta / Veal;Italy;Montepulciano d'Abruzzo;Montepulciano;2018;39;43;9;herbaceous/black berries/red fruits
Feudi di San Gregorio;Serpico ;4.3;120;73.5;Beef / Pasta / Lamb;Italy;Irpinia;Aglianico;1999;85;47;28;herbaceous/wood/black berries
Tramin;Loam ;4.4;117;32.8;Beef / Pasta / Lamb;Italy;SÃ¼dtirol - Alto Adige;Miscela;2019;65;38;17;wood/black berries/red fruits
Luigi Tecce;Riserva Puro Sangue ;4.4;71;52.0;Beef / Pasta / Lamb;Italy;Taurasi;Aglianico;2014;85;53;25;herbaceous/wood/black berries
Abbona;Barolo Pressenda ;4.3;371;66.0;Beef / Pasta / Lamb;Italy;Barolo;Nebbiolo;2011;62;76;5;herbaceous/wood/red fruits
Cupano;Brunello di Montalcino ;4.6;67;135.0;Beef / Lamb / Game (deer, chamois);Italy;Brunello di Montalcino;Sangiovese;2016;49;56;10;wood/herbaceous/red fruits
Elio Altare;Arborina Barolo ;4.4;209;87.0;Beef / Pasta / Lamb;Italy;Barolo;Nebbiolo;2012;62;75;11;herbaceous/red fruits/wood
Giovanni Rosso;Barolo Vigna Rionda Ester Canale ;4.6;36;479.0;Beef / Pasta / Lamb;Italy;Barolo;Nebbiolo;2016;68;83;2;herbaceous/wood/red fruits
Biserno;Lodovico ;4.7;218;450.0;Beef / Lamb / Veal;Italy;Tuscany;Miscela;2017;59;41;15;wood/black berries/herbaceous
Caparzo;Brunello Di Montalcino Riserva ;4.5;30;48.68;Beef / Lamb / Game (deer, chamois);Italy;Brunello di Montalcino;Sangiovese;2015;50;57;1;wood/herbaceous/red fruits
Vietti;Barolo Brunate ;4.4;28;359.0;Beef / Pasta / Lamb;Italy;Barolo;Nebbiolo;2016;62;80;15;herbaceous/red fruits/wood
Marabino;Archimede Riserva ;4.3;77;27.9;Beef / Pasta / Lamb;Italy;Terre Siciliane;Nero d'Avola;2015;85;42;28;black berries/wood/red fruits
Petrolo;Galatrona ;4.4;257;115.0;Beef / Lamb / Veal;Italy;Tuscany;Merlot;2018;55;43;14;wood/black berries/herbaceous
La Spinetta;Vürsù Barolo Campè ;4.5;514;140.0;Beef / Pasta / Lamb;Italy;Barolo;Nebbiolo;2004;65;77;10;herbaceous/wood/red fruits
Masseto;Toscana ;4.7;778;1400.0;Beef / Lamb / Veal;Italy;Tuscany;Merlot;2009;58;46;17;wood/black berries/herbaceous
Ornellaia;Bolgheri Superiore ;4.6;2346;289.98;Beef / Pasta / Lamb;Italy;Bolgheri Superiore;Miscela;2015;65;65;13;wood/black berries/herbaceous
Arnaldo-Caprai;25 anni Montefalco Sagrantino ;4.4;48;49.0;Beef / Pasta / Veal;Italy;Montefalco Sagrantino;Sagrantino;2016;59;55;6;wood/herbaceous/black berries
Dal Forno Romano;Amarone della Valpolicella Monte Lodoletta ;4.7;347;450.0;Beef / Lamb / Game (deer, chamois);Italy;Amarone della Valpolicella;Miscela;2003;85;30;51;wood/black berries/herbaceous
Uccelliera;Brunello di Montalcino ;4.3;344;95.0;Beef / Lamb / Game (deer, chamois);Italy;Tuscany;Sangiovese;2015;51;59;9;wood/herbaceous/red fruits
Antinori;Tenuta Tignanello 'Marchese Antinori' Chianti Classico Riserva ;4.3;5587;47.0;Beef / Veal / Poultry;Italy;Chianti Classico;Sangiovese;2016;49;55;7;wood/red fruits/herbaceous
Tenute Capaldo;Gulielmus Taurasi Riserva ;4.3;26;48.5;Beef / Pasta / Lamb;Italy;Taurasi;Aglianico;2015;73;39;20;
Mascarello Giuseppe e Figlio;Barolo Riserva Monprivato Cà d'Morissio ;4.8;27;1879.0;Beef / Pasta / Lamb;Italy;Barolo;Nebbiolo;1997;61;80;5;herbaceous/red fruits/wood
Contucci;Palazzo Contucci Vino Nobile di Montepulciano ;4.4;27;41.0;Beef / Game (deer, chamois) / Poultry;Italy;Vino Nobile di Montepulciano;Sangiovese;2016;51;61;2;herbaceous/black berries/red fruits
Agostino Pavia & Figli;La Marescialla ;4.3;138;36.68;Pasta / Veal / Pork;Italy;Barbera d'Asti;Barbera;2017;58;26;11;black berries/wood/herbaceous
Fattoria Cigliano di Sopra;Chianti Classico ;4.3;27;19.9;Beef / Veal / Poultry;Italy;Chianti Classico;Sangiovese;2019;49;56;15;red fruits/spezie/herbaceous
Biondi-Santi;Brunello di Montalcino Riserva ;4.6;187;632.0;Beef / Lamb / Game (deer, chamois);Italy;Brunello di Montalcino;Sangiovese;1998;46;57;10;herbaceous/wood/red fruits
San Valentino;Luna Nuova Cabernet - Franc ;4.3;49;37.9;Beef / Pasta / Lamb;Italy;Colli di Rimini;Cabernet Franc;2016;71;53;19;black berries/wood/spezie
Renato Ratti;Barolo Rocche dell'Annunziata ;4.3;165;115.0;Beef / Pasta / Lamb;Italy;Barolo;Nebbiolo;2013;61;77;12;red fruits/herbaceous/wood
Corte Giara;Recioto della Valpolicella ;4.3;58;25.0;Beef / Lamb / Game (deer, chamois);Italy;Recioto della Valpolicella;Miscela;2017;85;20;56;wood/black berries/frutta secca
Fuligni;Brunello di Montalcino Riserva ;4.3;78;95.0;Beef / Lamb / Game (deer, chamois);Italy;Brunello di Montalcino;Sangiovese;2013;49;59;10;wood/red fruits/herbaceous
Petrolo;Galatrona ;4.3;88;199.0;Beef / Lamb / Veal;Italy;Tuscany;Merlot;2001;55;43;14;wood/black berries/herbaceous
Castello dei Rampolla;d'Alceo ;4.4;85;112.0;Beef / Lamb / Veal;Italy;Tuscany;Cabernet Sauvignon;2014;52;45;18;wood/black berries/herbaceous
Produttori del Barbaresco;Barbaresco Riserva Rabajà ;4.3;291;76.88;Beef / Pasta / Lamb;Italy;Barbaresco;Nebbiolo;2015;61;72;6;herbaceous/red fruits/wood
SalvaTerra;Cave di Prun Amarone della Valpolicella Classico Riserva ;4.3;69;71.98;Beef / Lamb / Game (deer, chamois);Italy;Amarone della Valpolicella;Miscela;2008;83;30;42;wood/black berries/herbaceous
Donna Olimpia;Orizzonte ;4.3;42;175.0;Beef / Lamb / Veal;Italy;Tuscany;Petit Verdot;2015;64;69;5;black berries/wood/spezie
Sandrone;Barolo Cannubi Boschis ;4.3;350;186.0;Beef / Pasta / Lamb;Italy;Barolo;Nebbiolo;2009;63;74;12;herbaceous/wood/red fruits
Varvaglione;1921 Primitivo di Manduria Riserva ;4.5;39;48.88;Beef / Pasta / Lamb;Italy;Primitivo di Manduria;Primitivo;2013;70;28;42;black berries/wood/spezie
Le Bignele;Amarone della Valpolicella Classico ;4.3;211;36.98;Beef / Lamb / Game (deer, chamois);Italy;Amarone della Valpolicella Classico;Miscela;2014;78;23;47;wood/black berries/herbaceous
Cantina Vignaioli del Morellino di Scansano;Vin del Fattore Governo All'Uso Sangiovese Toscano ;4.4;45;9.5;Beef / Lamb / Veal;Italy;Tuscany;Miscela;2020;55;47;25;red fruits/black berries/wood
Pio Cesare;Barolo ;4.3;977;56.0;Beef / Pasta / Lamb;Italy;Barolo;Nebbiolo;2016;62;76;4;herbaceous/wood/red fruits
Cantine Leonardo da Vinci;S.to Ippolito ;4.4;412;21.64;Beef / Lamb / Veal;Italy;Tuscany;Miscela;2019;58;29;31;wood/black berries/red fruits
Marion;Calto ;4.3;56;26.9;Beef / Pasta / Lamb;Italy;Veneto;Miscela;2016;67;37;18;black berries/wood/herbaceous
Podere Il Carnasciale;Il Caberlot ;4.5;29;199.88;Beef / Lamb / Veal;Italy;Tuscany;;2018;55;42;17;black berries/wood/spezie
Biserno;Bibbona ;4.6;217;128.98;Beef / Lamb / Veal;Italy;Tuscany;Merlot;2018;57;43;11;wood/black berries/herbaceous
Giovanni Rosso;Barolo La Serra ;4.3;97;126.0;Beef / Pasta / Lamb;Italy;Barolo;Nebbiolo;2015;63;78;10;herbaceous/red fruits/wood
Matteo Correggia;Ròche d'Ampsèj Roero Riserva ;4.3;54;102.98;Beef / Pasta / Lamb;Italy;Roero;Nebbiolo;2004;67;48;18;wood/red fruits/herbaceous
Giacomo Fenocchio;Barolo Bussia ;4.2;1373;45.0;Beef / Pasta / Lamb;Italy;Barolo;Nebbiolo;2013;63;75;7;herbaceous/wood/red fruits
Antinori;Tenuta Tignanello 'Solaia' ;4.5;63;495.0;Beef / Lamb / Veal;Italy;Tuscany;Cabernet Sauvignon;1987;54;42;15;wood/black berries/herbaceous
Maccone;Primitivo ;4.3;99;12.9;Beef / Pasta / Lamb;Italy;Puglia;Primitivo;2020;67;23;44;black berries/wood/red fruits
Giovanni Rosso;Barolo La Serra ;4.3;77;143.0;Beef / Pasta / Lamb;Italy;Barolo;Nebbiolo;2016;63;78;10;herbaceous/red fruits/wood
Corte Rugolin;Amarone Classico Monte Danieli ;4.5;86;49.78;Beef / Lamb / Game (deer, chamois);Italy;Amarone della Valpolicella Classico;Miscela;2012;85;29;45;wood/black berries/frutta secca
Tenuta Campo al Mare;Bolgheri Superiore Baia Al Vento ;4.3;99;37.91;Beef / Pasta / Lamb;Italy;Bolgheri Superiore;Miscela;2018;65;70;15;black berries/wood/herbaceous
Mascarello Giuseppe e Figlio;Barolo Riserva Monprivato Cà d'Morissio ;4.6;95;1964.0;Beef / Pasta / Lamb;Italy;Barolo;Nebbiolo;2006;61;80;5;herbaceous/red fruits/wood
Soldera;Case Basse Sangiovese Toscana ;4.8;326;790.0;Beef / Lamb / Veal;Italy;Tuscany;Sangiovese;2013;48;39;19;red fruits/wood/herbaceous
Antinori;Pian delle Vigne Brunello di Montalcino ;4.3;2920;79.0;Beef / Lamb / Game (deer, chamois);Italy;Brunello di Montalcino;Sangiovese;2012;48;53;8;wood/herbaceous/red fruits
Roberto Mazzi;Punta di Villa Amarone della Valpolicella Classico ;4.3;104;46.9;Beef / Lamb / Game (deer, chamois);Italy;Amarone della Valpolicella Classico;Corvina;2014;85;20;49;wood/black berries/herbaceous
San Giusto a Rentennano;Chianti Classico Le Baroncole Riserva ;4.3;127;38.0;Beef / Veal / Poultry;Italy;Chianti Classico;Sangiovese;2018;51;62;10;wood/red fruits/black berries
Casanova di Neri;Tenuta Nuova Brunello di Montalcino ;4.5;45;95.0;Beef / Lamb / Game (deer, chamois);Italy;Brunello di Montalcino;Sangiovese;2017;52;57;13;wood/herbaceous/red fruits
Ricossa;Barolo Riserva ;4.3;218;42.0;Beef / Pasta / Lamb;Italy;Barolo;Nebbiolo;2012;62;68;10;wood/herbaceous/red fruits
Massolino;Barolo Parussi ;4.3;128;71.98;Beef / Pasta / Lamb;Italy;Barolo;Nebbiolo;2015;62;79;10;herbaceous/red fruits/wood
Antinori;Tignanello ;4.6;1824;258.73;Beef / Lamb / Veal;Italy;Tuscany;Sangiovese;2004;53;42;11;wood/black berries/herbaceous
Flavio Roddolo;Barolo ;4.3;33;200.0;Beef / Pasta / Lamb;Italy;Barolo;Nebbiolo;2012;65;75;1;herbaceous/wood/spezie
Roagna;Pira Barolo ;4.5;132;265.0;Beef / Pasta / Lamb;Italy;Barolo;Nebbiolo;2015;54;74;5;herbaceous/red fruits/wood
Dal Forno Romano;Valpolicella Superiore Monte Lodoletta ;4.5;49;162.0;Beef / Pasta / Veal;Italy;Valpolicella;Corvina;1995;54;39;25;wood/black berries/herbaceous
Nino Negri;Sfursat ;4.3;407;34.75;Beef / Lamb / Game (deer, chamois);Italy;Valtellina;Nebbiolo;2017;63;73;15;herbaceous/wood/red fruits
Soldera;Brunello di Montalcino Riserva ;4.3;30;2900.0;Beef / Lamb / Game (deer, chamois);Italy;Brunello di Montalcino;Sangiovese;1983;44;56;14;herbaceous/red fruits/wood
De'Ricci;Vino Nobile di Montepulciano ;4.3;25;25.0;Beef / Game (deer, chamois) / Poultry;Italy;Vino Nobile di Montepulciano;Sangiovese;2018;51;58;4;red fruits/herbaceous/wood
Bibi Graetz;Colore Toscana ;4.4;106;444.0;Beef / Lamb / Veal;Italy;Tuscany;Sangiovese;2015;52;42;3;red fruits/wood/black berries
Caiarossa;Toscana ;4.3;86;50.0;Beef / Lamb / Veal;Italy;Tuscany;Miscela;2017;55;45;13;wood/black berries/herbaceous
Renieri;Brunello di Montalcino ;4.3;1557;108.0;Beef / Lamb / Game (deer, chamois);Italy;Brunello di Montalcino;Sangiovese;2012;50;56;3;wood/herbaceous/red fruits
Gaja;Sorì Tildìn (Barbaresco) Langhe ;4.6;177;399.6;Beef / Pasta / Lamb;Italy;Langhe;Nebbiolo;2014;64;69;9;herbaceous/wood/red fruits
Fontanafredda;Vigna La Rosa Barolo ;4.3;80;54.9;Beef / Pasta / Lamb;Italy;Barolo;Nebbiolo;2015;63;75;11;herbaceous/wood/red fruits
Valentina Cubi;Morar Amarone della Valpolicella Classico ;4.3;122;46.0;Beef / Lamb / Game (deer, chamois);Italy;Amarone della Valpolicella Classico;Miscela;2011;85;24;47;wood/frutta secca/herbaceous
Piero Busso;San Stunet S. Stefanetto Barbaresco ;4.4;73;53.5;Beef / Pasta / Lamb;Italy;Barbaresco;Nebbiolo;2017;60;69;7;red fruits/herbaceous/spezie
Tenuta San Guido;Sassicaia ;4.6;1705;390.0;Beef / Pasta / Lamb;Italy;Bolgheri Sassicaia;Sangiovese;2002;62;64;10;wood/black berries/herbaceous
La Veneranda;Montefalco Sagrantino ;4.3;108;25.0;Beef / Pasta / Veal;Italy;Montefalco Sagrantino;Sagrantino;2017;56;56;80;red fruits/herbaceous/wood
Sandrone;Barolo Cannubi Boschis ;4.7;27;649.0;Beef / Pasta / Lamb;Italy;Barolo;Nebbiolo;1989;63;74;12;herbaceous/wood/red fruits
Braida;Bricco dell'Uccellone Barbera d'Asti ;4.5;538;50.5;Pasta / Veal / Pork;Italy;Barbera d'Asti;Barbera;2018;60;27;14;wood/black berries/herbaceous
Cesari;Amarone della Valpolicella Classico ;4.2;1401;30.75;Beef / Lamb / Game (deer, chamois);Italy;Amarone della Valpolicella Classico;Corvina;2016;85;23;46;wood/black berries/herbaceous
Poggio di Sotto;Brunello di Montalcino ;4.5;524;164.56;Beef / Lamb / Game (deer, chamois);Italy;Brunello di Montalcino;Sangiovese;2013;46;56;8;herbaceous/wood/red fruits
Gianni Brunelli;Brunello di Montalcino Riserva ;4.6;88;104.0;Beef / Lamb / Game (deer, chamois);Italy;Brunello di Montalcino;Sangiovese;2013;48;58;7;herbaceous/red fruits/wood
Ornellaia;Vendemmia d'Artista Solare ;4.7;210;250.0;Beef / Pasta / Lamb;Italy;Bolgheri Superiore;Miscela;2017;71;74;14;wood/herbaceous/spezie
Antinori;Tignanello ;4.5;1237;283.0;Beef / Lamb / Veal;Italy;Tuscany;Miscela;1999;53;42;11;wood/black berries/herbaceous
Gianfranco Fino;Jo Negroamaro Salento ;4.3;267;52.0;Beef / Pasta / Lamb;Italy;Salento;Negroamaro;2017;84;42;34;wood/black berries/red fruits
Valdicava;Brunello di Montalcino Riserva Madonna del Piano ;4.3;58;199.0;Beef / Lamb / Game (deer, chamois);Italy;Brunello di Montalcino;Sangiovese;2013;52;61;9;herbaceous/wood/black berries
Tommasi;Amarone della Valpolicella Classico ;4.3;353;85.0;Beef / Lamb / Game (deer, chamois);Italy;Amarone della Valpolicella Classico;Corvina;2003;85;23;49;wood/black berries/red fruits
Tenuta Castiglioni;Giramonte Toscana ;4.3;59;85.0;Beef / Lamb / Veal;Italy;Tuscany;Miscela;2001;53;39;25;wood/black berries/red fruits
Fattoria le Pupille;Saffredi ;4.5;50;85.0;Beef / Lamb / Veal;Italy;Maremma Tuscany;Miscela;2019;54;46;15;wood/black berries/herbaceous
Nervi;Vigna Valferana ;4.3;195;72.0;Beef / Lamb / Game (deer, chamois);Italy;Gattinara;Nebbiolo;2014;52;77;9;herbaceous/red fruits/wood
Elio Altare;Giàrborina ;4.4;27;78.0;Beef / Lamb / Game (deer, chamois);Italy;Langhe;Nebbiolo;2012;64;80;10;red fruits/wood/spezie
Ricasoli;Roncicone Chianti Classico Gran Selezione ;4.4;48;58.0;Beef / Lamb / Veal;Italy;Chianti Classico;Sangiovese;2018;54;56;2;herbaceous/wood/red fruits
Castello Romitorio;Brunello di Montalcino ;4.2;1146;49.0;Beef / Lamb / Game (deer, chamois);Italy;Brunello di Montalcino;Sangiovese;2015;49;56;8;wood/herbaceous/red fruits
Gaja;Conteisa Langhe ;4.3;112;295.0;Beef / Pasta / Lamb;Italy;Langhe;Nebbiolo;2014;63;41;19;wood/herbaceous/red fruits
Donatella Cinelli Colombini;Brunello di Montalcino Riserva (Casato Prime Donne) ;4.3;40;74.0;Beef / Lamb / Game (deer, chamois);Italy;Brunello di Montalcino;Sangiovese;2013;52;59;7;wood/herbaceous/red fruits
Pian delle Querci;Brunello di Montalcino ;4.3;150;27.9;Beef / Lamb / Game (deer, chamois);Italy;Brunello di Montalcino;Sangiovese;2016;46;55;8;wood/herbaceous/red fruits
Mauro Molino;Barbera d’Alba Legattere ;4.3;64;36.0;Pasta / Veal / Pork;Italy;Barbera d'Alba;Barbera;2018;55;21;1;wood/black berries/spezie
Ettore Germano;Barolo Cerretta ;4.4;43;83.0;Beef / Pasta / Lamb;Italy;Barolo;Nebbiolo;2016;63;77;11;herbaceous/wood/red fruits
Argiolas;Turriga Isola dei Nuraghi ;4.3;377;98.93;Beef / Pasta / Lamb;Italy;Isola dei Nuraghi;Miscela;2003;84;46;29;wood/black berries/herbaceous
La Serena;Brunello di Montalcino ;4.3;320;43.41;Beef / Lamb / Game (deer, chamois);Italy;Brunello di Montalcino;Sangiovese;2015;50;59;5;wood/herbaceous/black berries
Massolino;Barolo Parafada ;4.4;202;73.0;Beef / Pasta / Lamb;Italy;Barolo;Nebbiolo;2015;63;78;7;herbaceous/red fruits/wood
Franco Conterno;Barolo Bussia Munie Riserva ;4.4;51;47.0;Beef / Pasta / Lamb;Italy;Barolo;Nebbiolo;2015;63;75;10;herbaceous/wood/red fruits
Gaja;Costa Russi (Barbaresco) Langhe ;4.6;83;598.0;Beef / Pasta / Lamb;Italy;Langhe;Miscela;1996;62;67;12;herbaceous/wood/black berries
Le Novelire;Re Diale Rosso ;4.4;66;44.28;Beef / Pasta / Lamb;Italy;Bolgheri Superiore;Miscela;2017;69;76;16;wood/black berries/red fruits
Cascina Baricchi;Rose delle Casasse Barbaresco Riserva ;4.5;45;52.9;Beef / Pasta / Lamb;Italy;Barbaresco;Nebbiolo;2015;56;56;2;herbaceous/red fruits/wood
Antinori;Pian delle Vigne Vignaferrovia Brunello di Montalcino Riserva ;4.4;169;99.9;Beef / Lamb / Game (deer, chamois);Italy;Brunello di Montalcino;Sangiovese;2013;51;56;10;herbaceous/wood/red fruits
Masciarelli;Villa Gemma Montepulciano d'Abruzzo ;4.3;365;116.0;Beef / Pasta / Veal;Italy;Montepulciano d'Abruzzo;Montepulciano;2006;49;47;10;wood/black berries/herbaceous
Conti Costanti;Brunello di Montalcino ;4.4;433;64.0;Beef / Lamb / Game (deer, chamois);Italy;Brunello di Montalcino;Sangiovese;2015;48;57;8;herbaceous/wood/red fruits
Aldo Conterno;Barolo Bussia Colonnello ;4.4;128;135.0;Beef / Pasta / Lamb;Italy;Barolo;Nebbiolo;2013;64;79;10;herbaceous/red fruits/wood
Hartmann Donà;Donà Noir ;4.5;31;75.0;Beef / Pasta / Lamb;Italy;SÃ¼dtirol - Alto Adige;Pinot Nero;2010;66;40;21;black berries/red fruits/wood
Sandrone;Barolo Aleste ;4.3;130;124.0;Beef / Pasta / Lamb;Italy;Barolo;Nebbiolo;2015;65;84;3;herbaceous/red fruits/wood
Ornellaia;Bolgheri Superiore ;4.6;2131;444.0;Beef / Pasta / Lamb;Italy;Bolgheri Superiore;Miscela;2010;65;65;13;wood/black berries/herbaceous
Oddero;Barolo Vignarionda Riserva ;4.5;79;214.0;Beef / Pasta / Lamb;Italy;Barolo;Nebbiolo;2009;67;75;0;herbaceous/red fruits/wood
Ferrero;Brunello di Montalcino ;4.3;129;34.9;Beef / Lamb / Game (deer, chamois);Italy;Brunello di Montalcino;Sangiovese;2011;52;58;2;herbaceous/wood/black berries
Luigi Einaudi;Bussia Barolo ;4.4;26;54.0;Beef / Pasta / Lamb;Italy;Barolo;Nebbiolo;2017;61;78;7;black berries/wood/herbaceous
Vietti;Barolo Brunate ;4.4;144;512.0;Beef / Pasta / Lamb;Italy;Barolo;Nebbiolo;2011;62;80;15;herbaceous/red fruits/wood
Albino Rocca;Barbaresco Angelo ;4.3;91;81.0;Beef / Pasta / Lamb;Italy;Barbaresco;Nebbiolo;2015;67;64;0;wood/red fruits/herbaceous
San Leonardo;Carmenère ;4.3;129;69.0;Beef / Pasta / Lamb;Italy;Vigneti delle Dolomiti;Carménère;2015;66;39;12;herbaceous/wood/spezie
Castello di Ama;Vigneto Bellavista Chianti Classico ;4.3;63;187.0;Beef / Veal / Poultry;Italy;Chianti Classico;Sangiovese;2013;47;60;15;wood/herbaceous/red fruits
Siro Pacenti;Vecchie Vigne Brunello di Montalcino ;4.5;392;125.0;Beef / Lamb / Game (deer, chamois);Italy;Brunello di Montalcino;Sangiovese;2015;48;60;9;wood/herbaceous/red fruits
Rocca di Frassinello;Maremma Toscana ;4.3;172;76.0;Beef / Lamb / Veal;Italy;Maremma Tuscany;Miscela;2016;53;43;10;wood/black berries/herbaceous
Bastianich;Calabrone ;4.5;38;49.15;Beef / Pasta / Lamb;Italy;Colli Orientali del Friuli;Miscela;2015;70;40;36;wood/black berries/red fruits
Cavallotto;Barolo Riserva Bricco Boschis Vigna San Giuseppe ;4.4;31;257.0;Beef / Pasta / Lamb;Italy;Barolo;Nebbiolo;1999;67;79;11;herbaceous/wood/red fruits
Còlpetrone;Gold Montefalco Sagrantino ;4.3;53;55.0;Beef / Pasta / Veal;Italy;Montefalco Sagrantino;Sagrantino;2005;56;55;16;black berries/herbaceous/wood
Conterno Fantino;Barolo Ginestra Vigna del Gris ;4.3;95;67.3;Beef / Pasta / Lamb;Italy;Barolo;Nebbiolo;2016;64;78;6;herbaceous/wood/black berries
Elena Walch;Cuvée Kermesse Rosso ;4.4;39;43.0;Beef / Pasta / Lamb;Italy;SÃ¼dtirol - Alto Adige;Miscela;2016;62;45;22;wood/herbaceous/black berries
Luigi Einaudi;Terlo Vigna Costa Grimaldi Barolo ;4.3;34;46.9;Beef / Pasta / Lamb;Italy;Barolo;Nebbiolo;2017;63;76;7;herbaceous/wood/red fruits
Tua Rita;Redigaffi Toscana ;4.4;260;427.0;Beef / Lamb / Veal;Italy;Tuscany;Merlot;2012;55;43;18;wood/black berries/herbaceous
Bruno Giacosa;Falletto Barolo Le Rocche del Falletto ;4.6;68;415.0;Beef / Pasta / Lamb;Italy;Barolo;Nebbiolo;2012;59;76;9;herbaceous/red fruits/wood
Fonterutoli;Vicoregio 36 Gran Selezione Chianti Classico ;4.3;59;53.5;Beef / Veal / Poultry;Italy;Chianti Classico;Sangiovese;2018;55;60;19;wood/black berries/spezie
Tenuta San Guido;Sassicaia ;4.6;2398;430.0;Beef / Pasta / Lamb;Italy;Bolgheri Sassicaia;Miscela;2003;62;64;10;wood/black berries/herbaceous
Brezza;Bricco Sarmassa Barolo ;4.3;68;69.5;Beef / Pasta / Lamb;Italy;Barolo;Nebbiolo;2011;64;81;0;red fruits/herbaceous/wood
Piero Busso;San Stunet S. Stefanetto Barbaresco ;4.3;84;95.0;Beef / Pasta / Lamb;Italy;Barbaresco;Nebbiolo;2016;60;69;7;red fruits/herbaceous/spezie
Il Borghetto;Monte de Sassi Chianti Classico ;4.3;37;27.3;Beef / Veal / Poultry;Italy;Chianti Classico;Sangiovese;2016;46;62;12;red fruits/herbaceous/wood
Mazzei;Siepi ;4.4;284;112.6;Beef / Lamb / Veal;Italy;Tuscany;Miscela;2018;55;42;13;wood/black berries/herbaceous
Gaja;Ca'Marcanda Bolgheri ;4.4;266;128.02;Beef / Pasta / Lamb;Italy;Bolgheri;Miscela;2016;63;67;11;wood/black berries/herbaceous
Argiolas;Turriga Isola dei Nuraghi ;4.5;235;108.08;Beef / Pasta / Lamb;Italy;Isola dei Nuraghi;Cannonau;1998;84;46;29;wood/black berries/herbaceous
Castello del Terriccio;Lupicaia ;4.4;235;125.0;Beef / Lamb / Veal;Italy;Tuscany;Miscela;2007;57;45;13;wood/black berries/herbaceous
Bartolo Mascarello;Barolo ;4.4;314;717.0;Beef / Pasta / Lamb;Italy;Barolo;Nebbiolo;2010;59;77;9;herbaceous/red fruits/wood
Gianni Brunelli;Brunello di Montalcino ;4.4;73;336.0;Beef / Lamb / Game (deer, chamois);Italy;Brunello di Montalcino;Sangiovese;2016;45;57;5;red fruits/herbaceous/wood
Bertani;Amarone della Valpolicella Classico ;4.4;1617;106.5;Beef / Lamb / Game (deer, chamois);Italy;Amarone della Valpolicella Classico;Corvina;2009;83;26;45;wood/frutta secca/herbaceous
St. Michael-Eppan;The Wine Collection Pinot Noir Riserva ;4.4;36;125.0;Beef / Veal / Game (deer, chamois);Italy;SÃ¼dtirol - Alto Adige;Pinot Noir;2016;49;32;16;wood/red fruits/herbaceous
Ornellaia;Bolgheri Superiore ;4.6;2550;376.0;Beef / Pasta / Lamb;Italy;Bolgheri Superiore;Miscela;2009;65;65;13;wood/black berries/herbaceous
Cotarella;Montiano ;4.3;171;48.0;Beef / Pasta / Veal;Italy;Lazio;Merlot;2018;54;42;12;wood/black berries/herbaceous
Codici;Masserie Primitivo ;4.2;2806;10.4;Beef / Pasta / Lamb;Italy;Puglia;Primitivo;2019;63;26;45;wood/black berries/red fruits
Villa Poggio Salvi;Pomona Brunello di Montalcino ;4.3;57;76.0;Beef / Lamb / Game (deer, chamois);Italy;Brunello di Montalcino;Sangiovese;2011;53;59;3;wood/red fruits/herbaceous
Paladin;Casa Lupo Amarone della Valpolicella ;4.5;43;33.2;Beef / Lamb / Game (deer, chamois);Italy;Amarone della Valpolicella;Miscela;2018;81;21;48;wood/black berries/red fruits
Speri;Vigneto Monte Sant'Urbano Amarone della Valpolicella Classico ;4.3;1544;47.8;Beef / Lamb / Game (deer, chamois);Italy;Amarone della Valpolicella Classico;Miscela;2015;83;25;46;wood/black berries/herbaceous
San Marzano;60 Sessantanni Limited Edition Old Vines Primitivo di Manduria ;4.5;224;27.2;Beef / Pasta / Lamb;Italy;Primitivo di Manduria;Primitivo;2017;69;20;47;wood/black berries/red fruits
Guido Porro;Vigna Rionda Barolo ;4.3;56;118.0;Beef / Pasta / Lamb;Italy;Barolo;Nebbiolo;2015;56;74;4;red fruits/herbaceous/wood
Boasso;Barolo del Comune di Serralunga d'Alba ;4.4;44;40.0;Beef / Pasta / Lamb;Italy;Barolo;Nebbiolo;2018;66;77;0;herbaceous/wood/red fruits
Tenuta di Trinoro;Toscana Campo di Magnacosta Rosso ;4.3;111;82.3;Beef / Lamb / Veal;Italy;Tuscany;Cabernet Franc;2012;48;45;15;black berries/wood/red fruits
Spiriti Ebbri;Neostòs Rosso ;4.4;34;23.35;Beef / Pasta / Lamb;Italy;Calabria;Miscela;2018;85;46;28;black berries/spezie/frutta secca
Nativ;Eremo San Quirico ;4.2;1885;16.8;na / na / na;Italy;Irpinia Campi Taurasini;Aglianico;2017;85;38;40;wood/black berries/red fruits
Luciano Arduini;Simison Amarone della Valpolicella Classico ;4.3;83;45.9;Beef / Lamb / Game (deer, chamois);Italy;Amarone della Valpolicella Classico;Miscela;2016;85;20;51;wood/red fruits/frutta secca
San Marzano;62 Anniversario Primitivo di Manduria Riserva ;4.4;1825;26.3;Beef / Pasta / Lamb;Italy;Primitivo di Manduria;Primitivo;2017;70;21;45;wood/black berries/red fruits
Argiano;Brunello di Montalcino Riserva ;4.4;66;229.98;Beef / Lamb / Game (deer, chamois);Italy;Brunello di Montalcino;Sangiovese;2012;47;53;13;wood/herbaceous/black berries
Michele Chiarlo;Barolo Riserva Cerequio ;4.4;41;174.98;Beef / Pasta / Lamb;Italy;Barolo;Nebbiolo;2010;63;75;11;herbaceous/red fruits/spezie
Tenuta CastelGiocondo;Brunello di Montalcino ;4.3;4065;48.1;Beef / Lamb / Game (deer, chamois);Italy;Brunello di Montalcino;Sangiovese;2015;49;57;7;wood/herbaceous/red fruits
San Filippo;Le Lucére Brunello di Montalcino ;4.5;277;198.0;Beef / Lamb / Game (deer, chamois);Italy;Brunello di Montalcino;Sangiovese;2015;48;55;7;herbaceous/wood/red fruits
Feudi di San Gregorio;Serpico ;4.3;264;55.0;Beef / Pasta / Lamb;Italy;Irpinia;Aglianico;2005;85;47;28;herbaceous/wood/black berries
Tenuta San Guido;Sassicaia ;4.6;964;780.0;Beef / Pasta / Lamb;Italy;Bolgheri Sassicaia;Miscela;1995;62;64;10;wood/black berries/herbaceous
Bruno Giacosa;Falletto Barolo ;4.3;76;198.0;Beef / Pasta / Lamb;Italy;Barolo;Nebbiolo;2015;60;75;10;herbaceous/red fruits/wood
Capanna;Brunello di Montalcino ;4.3;375;41.95;Beef / Lamb / Game (deer, chamois);Italy;Brunello di Montalcino;Sangiovese;2016;51;61;6;wood/black berries/herbaceous
Le Macchiole;Scrio ;4.3;38;109.0;Beef / Lamb / Veal;Italy;Tuscany;Shiraz/Syrah;2017;54;42;10;wood/black berries/spezie
Castello Romitorio;Filo di Seta Brunello di Montalcino ;4.5;107;110.0;Beef / Lamb / Game (deer, chamois);Italy;Brunello di Montalcino;Sangiovese;2010;50;63;2;wood/herbaceous/red fruits
Chiara Condello;Le Lucciole ;4.3;68;51.18;Beef / Pasta / Lamb;Italy;Romagna;Sangiovese;2018;62;50;15;red fruits/wood/herbaceous
Ciacci Piccolomini d'Aragona;Brunello di Montalcino ;4.3;797;55.0;Beef / Lamb / Game (deer, chamois);Italy;Brunello di Montalcino;Sangiovese;2015;46;56;7;wood/herbaceous/red fruits
Michele Chiarlo;Barolo Riserva Cerequio ;4.4;54;184.98;Beef / Pasta / Lamb;Italy;Barolo;Nebbiolo;2007;63;75;11;herbaceous/red fruits/spezie
Cordero di Montezemolo;Barolo Bricco Gattera ;4.3;89;61.95;Beef / Pasta / Lamb;Italy;Barolo;Nebbiolo;2017;61;75;10;wood/red fruits/herbaceous
Cantele;Amativo ;4.3;566;19.9;Beef / Pasta / Lamb;Italy;Salento;Primitivo;2017;84;38;33;wood/black berries/herbaceous
E. Pira & Figli;Mosconi Barolo ;4.3;188;79.0;Beef / Pasta / Lamb;Italy;Barolo;Nebbiolo;2015;66;81;8;herbaceous/wood/red fruits
Schola Sarmenti;Cubardi Primitivo ;4.4;285;14.5;Beef / Pasta / Lamb;Italy;Salento;Primitivo;2019;70;25;41;wood/black berries/red fruits
Mamete Prevostini;Albareda Sforzato di Valtellina ;4.4;136;51.0;Beef / Lamb / Game (deer, chamois);Italy;Sforzato della Valtellina;Nebbiolo;2016;67;62;11;wood/black berries/herbaceous
Cavallotto;Barolo Riserva Bricco Boschis Vigna San Giuseppe ;4.4;95;180.0;Beef / Pasta / Lamb;Italy;Barolo;Nebbiolo;2016;67;79;11;herbaceous/wood/red fruits
Sesti;Brunello di Montalcino ;4.3;97;58.9;Beef / Lamb / Game (deer, chamois);Italy;Brunello di Montalcino;Sangiovese;2016;46;53;8;red fruits/herbaceous/wood
Isole e Olena;Cepparello Red ;4.4;238;121.0;Beef / Lamb / Veal;Italy;Tuscany;Sangiovese;2003;51;43;10;wood/red fruits/herbaceous
Tenute Silvio Nardi;Brunello di Montalcino Vigneto Manachiara ;4.5;84;69.9;Beef / Lamb / Game (deer, chamois);Italy;Brunello di Montalcino;Sangiovese;2004;50;60;12;wood/herbaceous/black berries
Gaja;Conteisa Langhe ;4.6;54;239.8;Beef / Pasta / Lamb;Italy;Langhe;Nebbiolo;2015;63;41;19;wood/herbaceous/red fruits
Massetti Francesco;Quaranta Cinque Montepulciano d'Abruzzo ;4.4;34;34.9;Beef / Pasta / Veal;Italy;Montepulciano d'Abruzzo;Montepulciano;2019;47;63;4;red fruits/wood/black berries
Produttori del Barbaresco;Barbaresco Riserva Rabajà ;4.4;110;109.0;Beef / Pasta / Lamb;Italy;Barbaresco;Nebbiolo;2016;61;72;6;herbaceous/red fruits/wood
Campo alle Comete;Bolgheri Superiore ;4.3;305;52.8;Beef / Lamb / Veal;Italy;Bolgheri Superiore;Miscela;2015;58;49;14;black berries/wood/herbaceous
Aldo Conterno;Barolo Bussia Cicala ;4.3;45;105.0;Beef / Pasta / Lamb;Italy;Barolo;Nebbiolo;2017;65;75;10;herbaceous/wood/red fruits
Mastrojanni;Vigna Schiena d'Asino Brunello di Montalcino ;4.4;184;139.0;Beef / Lamb / Game (deer, chamois);Italy;Brunello di Montalcino;Sangiovese;2010;50;59;5;wood/herbaceous/black berries
Giovanni Rosso;Barolo Cerretta ;4.3;72;75.0;Beef / Pasta / Lamb;Italy;Barolo;Nebbiolo;2017;63;77;5;red fruits/herbaceous/wood
Masseria Frattasi;Kapnios Aglianico ;4.4;37;95.28;Beef / Pasta / Lamb;Italy;Campania;Aglianico;2017;85;34;31;wood/herbaceous/red fruits
Tenuta Luce;Lux Vitis ;4.6;46;142.89;Beef / Lamb / Veal;Italy;Tuscany;Miscela;2017;63;53;23;wood/black berries/spezie
Caruso & Minini;Nino Rosso ;4.7;46;46.0;Beef / Pasta / Lamb;Italy;Sicilia;Miscela;2012;85;30;33;red fruits/black berries/herbaceous
Bergadano;Sarmassa Barolo ;4.3;34;55.0;Beef / Pasta / Lamb;Italy;Barolo;Nebbiolo;2013;57;75;0;red fruits/herbaceous/wood
Antinori;Tignanello ;4.5;1757;258.73;Beef / Lamb / Veal;Italy;Tuscany;Miscela;2001;53;42;11;wood/black berries/herbaceous
Monte Zovo;Amarone della Valpolicella ;4.3;50;45.5;Beef / Lamb / Game (deer, chamois);Italy;Amarone della Valpolicella;Miscela;2017;85;22;51;wood/black berries/red fruits
Palazzo;Alcineo Toscana Rosso ;4.4;32;25.92;Beef / Lamb / Veal;Italy;Tuscany;Sangiovese;2015;45;41;15;black berries/wood/herbaceous
Sobrero;Ciabot Tanasio Barolo ;4.4;66;41.0;Beef / Pasta / Lamb;Italy;Barolo;Nebbiolo;2017;62;78;3;herbaceous/red fruits/wood
Caggio;Ipsus Chianti Classico Gran Selezione ;4.6;48;389.98;Beef / Veal / Poultry;Italy;Chianti Classico;Sangiovese;2015;45;64;0;red fruits/Floreale/black berries
Mastrojanni;Vigna Schiena d'Asino Brunello di Montalcino ;4.4;122;177.0;Beef / Lamb / Game (deer, chamois);Italy;Brunello di Montalcino;Sangiovese;2013;50;59;5;wood/herbaceous/black berries
Valentina Cubi;Morar Amarone della Valpolicella Classico ;4.3;136;59.0;Beef / Lamb / Game (deer, chamois);Italy;Amarone della Valpolicella Classico;Miscela;2009;85;24;47;wood/frutta secca/herbaceous
Oddero;Barolo Villero ;4.3;235;79.9;Beef / Pasta / Lamb;Italy;Barolo;Nebbiolo;2015;59;78;2;herbaceous/red fruits/wood
Tenuta San Guido;Sassicaia ;4.7;1466;598.0;Beef / Pasta / Lamb;Italy;Bolgheri Sassicaia;Cabernet Sauvignon;1997;62;64;10;wood/black berries/herbaceous
Gaja;Sorì San Lorenzo ;4.6;116;598.0;Beef / Pasta / Lamb;Italy;Barbaresco;Nebbiolo;2009;63;73;12;herbaceous/wood/red fruits
Marion;Teroldego ;4.4;94;26.87;Beef / Pasta / Lamb;Italy;Veneto;Teroldego;2017;68;39;22;black berries/wood/herbaceous
Avignonesi;Desiderio Merlot ;4.3;327;33.5;Beef / Lamb / Veal;Italy;Cortona;Merlot;2017;56;44;13;wood/black berries/herbaceous
Massolino;Barolo Riserva Vigna Rionda ;4.3;345;145.0;Beef / Pasta / Lamb;Italy;Barolo;Nebbiolo;2011;63;77;10;herbaceous/wood/red fruits
Biserno;Lodovico ;4.7;315;519.0;Beef / Lamb / Veal;Italy;Tuscany;Miscela;2016;59;41;15;wood/black berries/herbaceous
Altesino;Brunello di Montalcino Montosoli ;4.5;250;108.0;Beef / Lamb / Game (deer, chamois);Italy;Brunello di Montalcino;Sangiovese;2015;49;58;8;wood/herbaceous/black berries
Ornellaia;Le Serre Nuove ;4.3;4727;65.98;Beef / Pasta / Lamb;Italy;Bolgheri;Cabernet Franc;2016;65;64;8;wood/black berries/herbaceous
Argiolas;Turriga Isola dei Nuraghi ;4.4;384;79.0;Beef / Pasta / Lamb;Italy;Isola dei Nuraghi;Vermentino;2017;84;46;29;wood/black berries/herbaceous
De Stefani;Malanotte del Piave ;4.4;69;40.4;Beef / Pasta / Lamb;Italy;Piave Malanotte;Raboso Piave;2015;64;42;27;wood/black berries/herbaceous
Ciacci Piccolomini d'Aragona;Brunello di Montalcino ;4.2;1287;85.0;Beef / Lamb / Game (deer, chamois);Italy;Brunello di Montalcino;Sangiovese;2013;46;56;7;wood/herbaceous/red fruits
Produttori del Barbaresco;Barbaresco Riserva Pora ;4.3;126;66.0;Beef / Pasta / Lamb;Italy;Barbaresco;Nebbiolo;2016;62;70;5;herbaceous/red fruits/wood
Masseto;Toscana ;4.7;394;1700.0;Beef / Lamb / Veal;Italy;Tuscany;Merlot;2003;58;46;17;wood/black berries/herbaceous
Farnese;Edizione Cinque Autoctoni ;4.3;1453;28.9;Beef / Pasta / Veal;Italy;Abruzzo;Miscela;2018;69;38;27;wood/black berries/red fruits
Rinforzo;Primitivo Salento ;4.4;1275;18.5;Beef / Pasta / Lamb;Italy;Salento;Primitivo;2019;68;21;48;wood/black berries/red fruits
Domenico Clerico;Barolo Ciabot Mentin Ginestra ;4.4;84;73.5;Beef / Pasta / Lamb;Italy;Barolo;Nebbiolo;2013;66;79;8;herbaceous/wood/black berries
Oasi degli Angeli;Kupra Marche ;4.5;47;300.0;Beef / Pasta / Veal;Italy;Marche;Grenache;2015;59;48;19;wood/red fruits/herbaceous
Fontodi;Vigna del Sorbo Gran Selezione Chianti Classico ;4.3;243;83.98;Beef / Veal / Poultry;Italy;Chianti Classico;Sangiovese;2017;52;60;12;wood/herbaceous/red fruits
Notte Rossa;Primitivo di Manduria Riserva ;4.3;63;17.9;Beef / Pasta / Lamb;Italy;Primitivo di Manduria;Primitivo;2017;66;25;45;wood/black berries/herbaceous
Schola Sarmenti;Cubardi Primitivo ;4.4;949;16.9;Beef / Pasta / Lamb;Italy;Salento;Primitivo;2018;70;25;41;wood/black berries/red fruits
Nino Negri;5 Stelle Sfursat ;4.4;1110;90.0;Beef / Lamb / Game (deer, chamois);Italy;Valtellina;Nebbiolo;2009;66;76;16;wood/herbaceous/black berries
Gaja;Costa Russi (Barbaresco) Langhe ;4.5;85;515.0;Beef / Pasta / Lamb;Italy;Langhe;Nebbiolo;2015;62;67;12;herbaceous/wood/black berries
Pio Cesare;Barbaresco ;4.3;33;54.9;Beef / Pasta / Lamb;Italy;Barbaresco;Nebbiolo;2018;60;68;6;wood/herbaceous/red fruits
Poggio Antico;Brunello di Montalcino ;4.3;73;161.0;Beef / Lamb / Game (deer, chamois);Italy;Brunello di Montalcino;Sangiovese;1995;46;53;6;wood/herbaceous/red fruits
Luigi Einaudi;Cannubi Barolo ;4.3;56;62.98;Beef / Pasta / Lamb;Italy;Barolo;Nebbiolo;2017;62;77;7;herbaceous/wood/red fruits
Antinori;Tenuta Guado al Tasso Matarocchio ;4.7;178;598.0;Beef / Lamb / Veal;Italy;Maremma Tuscany;Cabernet Franc;2016;54;45;13;black berries/wood/herbaceous
Luigi Einaudi;Cannubi Barolo ;4.4;88;134.18;Beef / Pasta / Lamb;Italy;Barolo;Nebbiolo;2016;62;77;7;herbaceous/wood/red fruits
Fontodi;Flaccianello della Pieve ;4.5;176;135.0;Beef / Lamb / Veal;Italy;Colli della Tuscany Centrale;Sangiovese;2018;55;46;10;wood/herbaceous/black berries
Soldera;Brunello di Montalcino Riserva ;4.7;305;1520.0;Beef / Lamb / Game (deer, chamois);Italy;Brunello di Montalcino;Sangiovese;1999;44;56;14;herbaceous/red fruits/wood
Giacomo Fenocchio;Barolo Cannubi ;4.3;35;58.6;Beef / Pasta / Lamb;Italy;Barolo;Nebbiolo;2016;59;75;6;herbaceous/red fruits/wood
Biserno;Bibbona ;4.6;368;177.0;Beef / Lamb / Veal;Italy;Tuscany;Miscela;2012;57;43;11;wood/black berries/herbaceous
Coppo;Pomorosso Barbera d'Asti ;4.4;228;63.1;Pasta / Veal / Pork;Italy;Barbera d'Asti;Barbera;2017;58;25;11;wood/black berries/red fruits
Mamete Prevostini;Corte di Cama Sforzato di Valtellina ;4.3;324;44.8;Beef / Lamb / Game (deer, chamois);Italy;Sforzato della Valtellina;Nebbiolo;2017;67;73;17;wood/red fruits/herbaceous
Raineri;Monserra Barolo ;4.3;47;130.0;Beef / Pasta / Lamb;Italy;Barolo;Nebbiolo;2013;66;82;7;wood/herbaceous/red fruits
Allegrini;La Poja (Monovitigno Corvina Veronese) ;4.4;661;108.0;Beef / Pasta / Lamb;Italy;Verona;Corvina;2007;66;40;22;wood/black berries/herbaceous
Punica;Barrua ;4.4;30;32.5;Beef / Pasta / Lamb;Italy;Isola dei Nuraghi;Carignan;2018;82;42;29;wood/black berries/herbaceous
Gaja;Sorì Tildìn (Barbaresco) Langhe ;4.6;117;598.0;Beef / Pasta / Lamb;Italy;Langhe;Nebbiolo;2009;64;69;9;herbaceous/wood/red fruits
Bartolo Mascarello;Barolo ;4.4;453;974.0;Beef / Pasta / Lamb;Italy;Barolo;Nebbiolo;2009;59;77;9;herbaceous/red fruits/wood
Allegrini;Amarone della Valpolicella Classico ;4.2;3425;86.0;Beef / Lamb / Game (deer, chamois);Italy;Amarone della Valpolicella Classico;Corvina;2013;85;26;50;wood/black berries/frutta secca
Poggio Al Sole;Casasilia Chianti Classico Gran Selezione ;4.3;50;31.0;Beef / Lamb / Veal;Italy;Chianti Classico;Sangiovese;2018;50;42;10;wood/herbaceous/black berries
Produttori del Barbaresco;Barbaresco Riserva Montestefano ;4.3;227;49.9;Beef / Pasta / Lamb;Italy;Barbaresco;Nebbiolo;2015;64;70;6;herbaceous/red fruits/wood
Domenico Clerico;Barolo Aeroplan Servaj ;4.4;30;105.0;Beef / Pasta / Lamb;Italy;Barolo;Nebbiolo;2016;66;80;12;wood/herbaceous/spezie
Gaja;Conteisa Barolo ;4.6;93;239.0;Beef / Pasta / Lamb;Italy;Barolo;Nebbiolo;2014;59;67;9;herbaceous/wood/red fruits
Manincor;Mason di Mason ;4.3;99;69.9;Beef / Veal / Game (deer, chamois);Italy;SÃ¼dtirol - Alto Adige;Pinot Nero;2018;47;35;18;red fruits/wood/herbaceous
Poggio di Sotto;Brunello di Montalcino ;4.3;144;129.9;Beef / Lamb / Game (deer, chamois);Italy;Brunello di Montalcino;Sangiovese;2014;46;56;8;herbaceous/wood/red fruits
Le Mortelle;Poggio Alle Nane Maremma Toscana ;4.4;106;52.86;Beef / Lamb / Veal;Italy;Maremma Tuscany;Miscela;2019;58;40;15;black berries/wood/herbaceous
Farina;Amarone della Valpolicella Classico ;4.2;1226;33.6;Beef / Lamb / Game (deer, chamois);Italy;Amarone della Valpolicella Classico;Corvina;2017;85;23;48;wood/black berries/red fruits
Col d'Orcia;Poggio Al Vento Brunello di Montalcino Riserva ;4.3;646;117.0;Beef / Lamb / Game (deer, chamois);Italy;Brunello di Montalcino;Sangiovese;2001;51;58;8;wood/herbaceous/red fruits
Tommasi;Amarone della Valpolicella Classico ;4.3;570;82.0;Beef / Lamb / Game (deer, chamois);Italy;Amarone della Valpolicella Classico;Corvina;2005;85;23;49;wood/black berries/red fruits
Coppo;Pomorosso Barbera d'Asti ;4.3;299;85.0;Pasta / Veal / Pork;Italy;Barbera d'Asti;Barbera;2009;58;25;11;wood/black berries/red fruits
Palazzona di Maggio;Le Armi Sangiovese Superiore Riserva ;4.4;40;35.0;Beef / Pasta / Lamb;Italy;Sangiovese di Romagna;Sangiovese;2016;69;38;20;wood/black berries
Mastrojanni;Vigna Schiena d'Asino Brunello di Montalcino ;4.4;47;175.0;Beef / Lamb / Game (deer, chamois);Italy;Brunello di Montalcino;Sangiovese;2015;50;59;5;wood/herbaceous/black berries
Antinori;Tignanello ;4.5;12819;212.0;Beef / Lamb / Veal;Italy;Tuscany;Miscela;2014;53;42;11;wood/black berries/herbaceous
San Giovenale;Habemus Lazio Rosso (Etichetta Bianca) ;4.5;42;53.9;Beef / Pasta / Veal;Italy;Lazio;Miscela;2019;56;41;16;wood/black berries/herbaceous
Paolo Scavino;Rocche dell'Annunziata Barolo Riserva ;4.4;73;210.5;Beef / Pasta / Lamb;Italy;Barolo;Nebbiolo;2013;63;79;10;herbaceous/wood/red fruits
Masi;Campolongo di Torbe Amarone della Valpolicella Classico ;4.4;157;108.0;Beef / Lamb / Game (deer, chamois);Italy;Amarone della Valpolicella Classico;Corvina;2012;85;27;50;wood/black berries/herbaceous
Bertani;Amarone della Valpolicella Classico ;4.3;809;96.08;Beef / Lamb / Game (deer, chamois);Italy;Amarone della Valpolicella Classico;Miscela;2010;83;26;45;wood/frutta secca/herbaceous
Banfi;Brunello di Montalcino ;4.3;657;119.0;Beef / Lamb / Game (deer, chamois);Italy;Brunello di Montalcino;Sangiovese;1997;48;54;4;wood/herbaceous/red fruits
Aldo Conterno;Barolo Riserva Granbussia ;4.5;38;392.0;Beef / Pasta / Lamb;Italy;Barolo;Nebbiolo;2008;62;77;12;herbaceous/wood/red fruits
Gianfranco Fino;Es Più Sole ;4.4;75;52.0;Beef / Pasta / Lamb;Italy;Primitivo di Manduria;Primitivo;2017;70;20;54;black berries/wood/red fruits
Gaja;Barbaresco ;4.4;916;200.0;Beef / Pasta / Lamb;Italy;Barbaresco;Nebbiolo;2014;60;68;8;herbaceous/wood/red fruits
Lornano;Chianti Classico Gran Selezione ;4.3;139;39.0;Beef / Veal / Poultry;Italy;Chianti Classico;Sangiovese;2015;45;52;3;wood/black berries/herbaceous
Giuseppe Rinaldi;Brunate Barolo ;4.5;106;550.0;Beef / Pasta / Lamb;Italy;Barolo;Nebbiolo;2015;60;75;14;herbaceous/red fruits/wood
La Spinetta;Sassontino ;4.3;130;63.4;Beef / Lamb / Veal;Italy;Tuscany;Sangiovese;2006;57;42;6;wood/herbaceous/black berries
Tenuta di Nozzole;Toscana Il Pareto ;4.4;303;65.0;Beef / Lamb / Veal;Italy;Tuscany;Cabernet Sauvignon;2015;58;44;15;wood/black berries/herbaceous
Cerbaiona;Brunello di Montalcino ;4.4;245;199.0;Beef / Lamb / Game (deer, chamois);Italy;Brunello di Montalcino;Sangiovese;2008;46;58;15;herbaceous/wood/red fruits
Galardi;Terra di Lavoro ;4.3;391;39.9;Beef / Pasta / Lamb;Italy;Roccamonfina;Miscela;2015;83;46;27;herbaceous/black berries/wood
Ornellaia;Le Serre Nuove ;4.3;2366;69.9;Beef / Pasta / Lamb;Italy;Bolgheri;Miscela;2017;65;64;8;wood/black berries/herbaceous
Tenute Guicciardini Strozzi;Sòdole ;4.3;108;21.85;Beef / Lamb / Veal;Italy;Tuscany;Sangiovese;2015;51;43;13;wood/black berries/herbaceous
Oddero;Barolo Vigna Rionda ;4.5;36;199.9;Beef / Pasta / Lamb;Italy;Barolo;Nebbiolo;2009;61;69;5;herbaceous/wood/black berries
Elio Altare;Arborina Barolo ;4.4;137;89.9;Beef / Pasta / Lamb;Italy;Barolo;Nebbiolo;2015;62;75;11;herbaceous/red fruits/wood
Aldo Conterno;Barolo Bussia Cicala ;4.4;187;170.0;Beef / Pasta / Lamb;Italy;Barolo;Nebbiolo;2014;65;75;10;herbaceous/wood/red fruits
Cordero di Montezemolo;Barolo Monfalletto ;4.3;31;104.0;Beef / Pasta / Lamb;Italy;Barolo;Nebbiolo;1971;63;76;7;herbaceous/wood/red fruits
Ca' Rugate;Amarone della Valpolicella ;4.3;268;40.0;Beef / Lamb / Game (deer, chamois);Italy;Amarone della Valpolicella;Miscela;2015;84;25;48;wood/black berries/herbaceous
Cocito;Barbaresco Baluchin Riserva ;4.3;69;62.5;Beef / Pasta / Lamb;Italy;Barbaresco;Nebbiolo;2012;66;70;5;herbaceous/red fruits/wood
Antolini;Ca' Coato Amarone della Valpolicella Classico ;4.4;94;46.5;Beef / Lamb / Game (deer, chamois);Italy;Amarone della Valpolicella Classico;Corvina;2016;85;21;56;wood/black berries/herbaceous
Arnaldo-Caprai;25 anni Montefalco Sagrantino ;4.4;221;59.0;Beef / Pasta / Veal;Italy;Montefalco Sagrantino;Sagrantino;2015;59;55;6;wood/herbaceous/black berries
E. Pira & Figli;Mosconi Barolo ;4.3;105;135.0;Beef / Pasta / Lamb;Italy;Barolo;Nebbiolo;2016;66;81;8;herbaceous/wood/red fruits
Tenuta Moraia;Perpiero ;4.6;74;74.01;Beef / Lamb / Veal;Italy;Tuscany;Miscela;2016;61;52;8;wood/black berries/herbaceous
Le Salette;Ca' Carnocchio Veronese ;4.3;85;24.9;Beef / Pasta / Lamb;Italy;Rosso Veronese;Miscela;2016;65;36;19;wood/black berries/herbaceous
Terlan (Terlano);Lagrein Riserva Porphyr ;4.3;504;95.0;Beef / Pasta / Lamb;Italy;SÃ¼dtirol - Alto Adige;Lagrein;2014;68;42;20;black berries/wood/herbaceous
Ferragù;Valpolicella Superiore ;4.4;183;33.9;Beef / Pasta / Veal;Italy;Valpolicella;Miscela;2017;61;39;19;wood/black berries/herbaceous
Taurino;Patriglione ;4.4;56;57.9;Beef / Pasta / Lamb;Italy;Salento;Negroamaro;2013;82;40;31;herbaceous/wood/black berries
Duemani;Duemani Cabernet Franc ;4.3;169;109.0;Beef / Lamb / Veal;Italy;Costa Tuscany;Cabernet Franc;2016;54;44;15;black berries/wood/herbaceous
Boffalora;Làsasa Reserve Valtellina Superiore Nebbiolo ;4.3;46;45.5;Beef / Lamb / Game (deer, chamois);Italy;Valtellina Superiore;Nebbiolo;2016;65;74;4;herbaceous/red fruits/Invecchiamento
Cascina Degli Ulivi;Etoile du Raisin ;4.4;101;71.0;Beef / Pasta / Lamb;Italy;Piemonte;Barbera;2007;71;44;12;herbaceous/wood/black berries
Cantina Diomede;Canace Nero di Troia ;4.4;570;17.9;Beef / Pasta / Lamb;Italy;Puglia;Nero di Troia;2018;84;39;40;wood/black berries/herbaceous
Mirafiore;Barolo Lazzarito ;4.4;320;100.98;Beef / Pasta / Lamb;Italy;Barolo;Nebbiolo;2007;65;74;5;herbaceous/wood/black berries
Azienda Agricola Urlari;L'Urlo ;4.3;62;24.22;Beef / Lamb / Veal;Italy;Tuscany;Merlot;2017;55;42;12;black berries/red fruits/herbaceous
Ornellaia;Le Serre Nuove ;4.4;2410;49.9;Beef / Pasta / Lamb;Italy;Bolgheri;Miscela;2019;65;64;8;wood/black berries/herbaceous
Salicutti;Piaggione Brunello di Montalcino Riserva ;4.5;27;179.0;Beef / Lamb / Game (deer, chamois);Italy;Brunello di Montalcino;Sangiovese;2013;43;51;13;wood/herbaceous/red fruits
San Marzano;Cinquanta Collezione N.V.;4.3;32632;17.7;Beef / Pasta / Lamb;Italy;Vino d'Italia;Negroamaro;na;83;37;43;wood/black berries/red fruits
Altesino;Brunello di Montalcino Montosoli ;4.4;401;108.0;Beef / Lamb / Game (deer, chamois);Italy;Brunello di Montalcino;Sangiovese;2007;49;58;8;wood/herbaceous/black berries
Gianfranco Alessandria;San Giovanni Barolo ;4.3;72;108.0;Beef / Pasta / Lamb;Italy;Barolo;Nebbiolo;2016;64;78;7;wood/herbaceous/red fruits
Tommasi;Amarone della Valpolicella Classico ;4.3;4555;47.0;Beef / Lamb / Game (deer, chamois);Italy;Amarone della Valpolicella Classico;Oseleta;2016;85;23;49;wood/black berries/red fruits
Siro Pacenti;Pelagrilli Brunello di Montalcino ;4.3;499;49.9;Beef / Lamb / Game (deer, chamois);Italy;Brunello di Montalcino;Sangiovese;2015;46;59;9;wood/red fruits/herbaceous
Masseto;Toscana ;4.7;916;1100.02;Beef / Lamb / Veal;Italy;Tuscany;Merlot;2012;58;46;17;wood/black berries/herbaceous
Podere le Ripi;Bonsai ;4.5;32;198.22;Beef / Lamb / Veal;Italy;Rosso di Montalcino;Sangiovese;2017;46;44;10;herbaceous/wood/red fruits
Fattoria dei Barbi;Brunello di Montalcino Vigna di Fiore ;4.3;54;57.95;Beef / Lamb / Game (deer, chamois);Italy;Brunello di Montalcino;Sangiovese;2015;49;58;6;herbaceous/wood/red fruits
Antinori;Tenuta Tignanello 'Solaia' ;4.6;1739;379.0;Beef / Lamb / Veal;Italy;Tuscany;Miscela;2012;54;42;15;wood/black berries/herbaceous
Paolo Scavino;Barolo Carobric ;4.4;51;82.5;Beef / Pasta / Lamb;Italy;Barolo;Nebbiolo;2016;64;77;7;herbaceous/wood/red fruits
Castello dei Rampolla;Sammarco ;4.3;44;47.5;Beef / Lamb / Veal;Italy;Tuscany;Sangiovese;2016;55;48;11;wood/herbaceous/black berries
Antinori;Tenuta Guado al Tasso Matarocchio ;4.6;589;1110.0;Beef / Lamb / Veal;Italy;Maremma Tuscany;Cabernet Franc;2011;54;45;13;black berries/wood/herbaceous
Prunotto;Barolo Cerretta ;4.5;28;94.0;Beef / Pasta / Lamb;Italy;Barolo;Nebbiolo;2017;63;82;9;red fruits/Floreale
Terlan (Terlano);Lagrein Riserva Porphyr ;4.4;394;79.0;Beef / Pasta / Lamb;Italy;SÃ¼dtirol - Alto Adige;Lagrein;2017;68;42;20;black berries/wood/herbaceous
Villa Rinaldi;Corpus Amarone della Valpolicella ;4.7;197;320.85;Beef / Lamb / Game (deer, chamois);Italy;Amarone della Valpolicella;Corvina;2000;81;21;53;black berries/wood/herbaceous
Tenuta San Guido;Sassicaia ;4.6;292;666.0;Beef / Pasta / Lamb;Italy;Bolgheri Sassicaia;Sangiovese;1989;62;64;10;wood/black berries/herbaceous
Moschioni;Pignolo ;4.4;121;53.89;Beef / Pasta / Lamb;Italy;Colli Orientali del Friuli;Pignolo;2011;73;52;22;herbaceous/wood/black berries
La Sala;Campo All’Albero ;4.3;89;49.0;Beef / Lamb / Veal;Italy;Tuscany;Miscela;2015;58;47;8;wood/herbaceous/black berries
Ricasoli;Roncicone Chianti Classico Gran Selezione ;4.3;78;58.0;Beef / Lamb / Veal;Italy;Chianti Classico;Sangiovese;2017;54;56;2;herbaceous/wood/red fruits
Réva;Cannubi Barolo ;4.5;27;195.0;Beef / Pasta / Lamb;Italy;Barolo;;2016;65;80;6;herbaceous/Invecchiamento/red fruits
Tedeschi;Marne 180 Amarone della Valpolicella ;4.4;558;33.9;Beef / Lamb / Game (deer, chamois);Italy;Amarone della Valpolicella;Miscela;2018;85;27;47;black berries/wood/frutta secca
Podere le Ripi;Amore e Magia Brunello di Montalcino ;4.5;223;85.0;Beef / Lamb / Game (deer, chamois);Italy;Brunello di Montalcino;Sangiovese;2016;54;62;8;herbaceous/red fruits/black berries
Prunotto;Barolo ;4.2;1273;34.6;Beef / Pasta / Lamb;Italy;Barolo;Nebbiolo;2017;59;73;5;red fruits/herbaceous/wood
Tenuta CastelGiocondo;Ripe al Convento Brunello di Montalcino Riserva ;4.3;160;69.9;Beef / Lamb / Game (deer, chamois);Italy;Brunello di Montalcino;Sangiovese;2005;52;58;12;wood/herbaceous/black berries
Pietroso;Brunello di Montalcino ;4.5;172;59.9;Beef / Lamb / Game (deer, chamois);Italy;Brunello di Montalcino;Sangiovese;2016;53;57;2;herbaceous/wood/red fruits
Odoardi;GB Giovan Battista Odoardi ;4.5;107;34.5;Beef / Pasta / Lamb;Italy;Calabria;Gaglioppo;2015;85;44;38;wood/black berries/herbaceous
Rocche dei Manzoni;Vigna Cappella di S. Stefano Perno Barolo ;4.4;108;110.0;Beef / Pasta / Lamb;Italy;Barolo;Nebbiolo;2013;62;76;7;wood/herbaceous/red fruits
La Bollina;Belan Primitivo Di Manduria ;4.3;125;24.99;Beef / Pasta / Lamb;Italy;Primitivo di Manduria;Primitivo;2018;68;27;44;black berries/wood/red fruits
Palazzo;Brunello di Montalcino ;4.3;50;39.9;Beef / Lamb / Game (deer, chamois);Italy;Brunello di Montalcino;Sangiovese;2016;52;60;7;wood/herbaceous/red fruits
Michele Chiarlo;Tortoniano Barolo ;4.3;120;34.5;Beef / Pasta / Lamb;Italy;Barolo;Nebbiolo;2017;60;74;2;herbaceous/red fruits/wood
Antinori;Tignanello ;4.4;216;305.0;Beef / Lamb / Veal;Italy;Tuscany;Miscela;1988;53;42;11;wood/black berries/herbaceous
Jankara;Lu Nieddu Colli del Limbara ;4.2;32;21.4;Beef / Pasta / Lamb;Italy;Colli del Limbara;Miscela;2018;77;43;34;wood/herbaceous/spezie
Manincor;Rubatsch Lagrein ;4.3;89;29.8;Beef / Pasta / Lamb;Italy;SÃ¼dtirol - Alto Adige;Lagrein;2019;62;40;17;black berries/wood/red fruits
Banfi;Brunello di Montalcino ;4.3;670;99.0;Beef / Lamb / Game (deer, chamois);Italy;Brunello di Montalcino;Sangiovese;2001;48;54;4;wood/herbaceous/red fruits
Gaja;Sperss Barolo ;4.6;726;478.0;Beef / Pasta / Lamb;Italy;Barolo;Nebbiolo;2001;64;77;8;herbaceous/wood/black berries
Tenuta Castiglioni;Giramonte Toscana ;4.4;69;108.0;Beef / Lamb / Veal;Italy;Tuscany;Miscela;2016;53;39;25;wood/black berries/red fruits
Firriato;Harmonium Nero d'Avola ;4.3;322;23.88;Beef / Pasta / Lamb;Italy;Terre Siciliane;Nero d'Avola;2014;84;45;28;wood/black berries/herbaceous
Nino Negri;5 Stelle Sfursat ;4.5;1251;90.0;Beef / Lamb / Game (deer, chamois);Italy;Valtellina;Nebbiolo;2011;66;76;16;wood/herbaceous/black berries
De Stefani;Kreda ;4.4;32;34.5;Beef / Pasta / Lamb;Italy;Veneto;Refosco dal Peduncolo rosso;2018;71;43;24;wood/black berries/frutta secca
Elio Altare;Arborina Barolo ;4.3;185;87.0;Beef / Pasta / Lamb;Italy;Barolo;Nebbiolo;2013;62;75;11;herbaceous/red fruits/wood
Ceretto;Barolo Brunate ;4.3;379;152.0;Beef / Pasta / Lamb;Italy;Barolo;Nebbiolo;2013;61;77;9;herbaceous/wood/red fruits
Domenico Clerico;Barolo Ciabot Mentin ;4.3;118;110.0;Beef / Pasta / Lamb;Italy;Barolo;Nebbiolo;2011;67;84;7;herbaceous/wood/red fruits
Feudi di Guagnano;Nero di Velluto Negroamaro ;4.4;50;31.0;Beef / Pasta / Lamb;Italy;Salento;Negroamaro;2015;85;38;30;herbaceous/wood/red fruits
Abbona;Barolo Terlo Ravera ;4.3;386;66.0;Beef / Pasta / Lamb;Italy;Barolo;Nebbiolo;2011;62;76;6;herbaceous/wood/red fruits
Conde;Predappio Raggio Brusa ;4.3;61;63.0;Beef / Pasta / Lamb;Italy;Emilia-Romagna;Sangiovese;2013;60;44;18;black berries/wood/red fruits
Bussola;Amarone della Valpolicella Classico Vigneto Alto TB ;4.7;161;212.0;Beef / Lamb / Game (deer, chamois);Italy;Amarone della Valpolicella Classico;Cabernet Sauvignon;2007;85;24;52;wood/black berries/frutta secca
Mascarello Giuseppe e Figlio;Barolo Riserva Monprivato Cà d'Morissio ;4.6;98;666.0;Beef / Pasta / Lamb;Italy;Barolo;Nebbiolo;2003;61;80;5;herbaceous/red fruits/wood
Ornellaia;Bolgheri Superiore ;4.6;93;208.0;Beef / Pasta / Lamb;Italy;Bolgheri Superiore;Merlot;2019;65;65;13;wood/black berries/herbaceous
Villa Rinaldi;Corpus Amarone della Valpolicella ;4.8;25;157.1;Beef / Lamb / Game (deer, chamois);Italy;Amarone della Valpolicella;Corvina;2008;81;21;53;black berries/wood/herbaceous
Casanova di Neri;Tenuta Nuova Brunello di Montalcino ;4.6;1160;119.0;Beef / Lamb / Game (deer, chamois);Italy;Brunello di Montalcino;Sangiovese;2015;52;57;13;wood/herbaceous/red fruits
Casanova di Neri;Brunello di Montalcino ;4.4;2484;64.0;Beef / Lamb / Game (deer, chamois);Italy;Brunello di Montalcino;Sangiovese;2015;50;57;11;wood/herbaceous/red fruits
Bacchereto;Terre a Mano Carmignano Rosso ;4.3;500;36.9;Beef / Lamb / Veal;Italy;Carmignano;Miscela;2016;54;45;12;wood/herbaceous/red fruits
Manzone F.lli;Bricco San Pietro Fraschin Barolo ;4.3;39;41.8;Beef / Pasta / Lamb;Italy;Barolo;Nebbiolo;2013;67;77;1;herbaceous/red fruits/wood
Mascarello Giuseppe e Figlio;Barolo Santo Stefano di Perno ;4.5;56;99.8;Beef / Pasta / Lamb;Italy;Barolo;Nebbiolo;2014;58;75;9;red fruits/herbaceous/wood
Michele Chiarlo;Barolo Cannubi ;4.4;175;108.0;Beef / Pasta / Lamb;Italy;Barolo;Nebbiolo;2013;63;80;4;herbaceous/red fruits/wood
Società Agricola Fay;Sandro Fay Ronco del Picchio Sforzato di Valtellina ;4.4;29;41.98;Beef / Lamb / Game (deer, chamois);Italy;Sforzato della Valtellina;Nebbiolo;2018;66;80;8;herbaceous/red fruits/black berries
Nino Negri;5 Stelle Sfursat ;4.5;611;99.0;Beef / Lamb / Game (deer, chamois);Italy;Valtellina;Nebbiolo;2010;66;76;16;wood/herbaceous/black berries
Farnese;Cinque Autoctoni Collection Limited Release ;4.4;332;34.9;Beef / Pasta / Veal;Italy;Abruzzo;Miscela;2018;57;38;19;wood/black berries/herbaceous
Antinori;Tenuta Tignanello 'Solaia' ;4.7;1515;564.0;Beef / Lamb / Veal;Italy;Tuscany;Sangiovese;2007;54;42;15;wood/black berries/herbaceous
Cardone;Carmerum Primitivo Tarantino ;4.3;26;13.9;Beef / Pasta / Lamb;Italy;Tarantino;Primitivo;2019;67;18;43;herbaceous
Comincioli;Gropél ;4.3;52;28.0;Beef / Pasta / Lamb;Italy;Benaco Bresciano;Miscela;2016;61;41;10;red fruits/wood/spezie
Campo alle Comete;Bolgheri Superiore ;4.4;297;45.0;Beef / Lamb / Veal;Italy;Bolgheri Superiore;Miscela;2016;58;49;14;black berries/wood/herbaceous
Cupano;Ombrone ;4.4;36;42.7;Beef / Lamb / Veal;Italy;Sant'Antimo;Miscela;2017;58;39;15;wood/black berries/herbaceous
Tenuta Argentiera;Villa Donoratico Bolgheri ;4.3;575;28.8;Beef / Pasta / Lamb;Italy;Bolgheri;Miscela;2019;66;67;11;black berries/wood/herbaceous
Borgogno;Barolo Cannubi ;4.3;103;92.0;Beef / Pasta / Lamb;Italy;Barolo;Nebbiolo;2015;62;77;5;herbaceous/red fruits/wood
Mascarello Giuseppe e Figlio;Barolo Villero ;4.6;28;203.0;Beef / Pasta / Lamb;Italy;Barolo;Nebbiolo;2016;55;74;6;red fruits/herbaceous/wood
Villa Spinosa;Albasini Amarone Della Valpolicella Classico ;4.5;37;58.0;Beef / Lamb / Game (deer, chamois);Italy;Amarone della Valpolicella Classico;Miscela;2013;84;43;41;wood/red fruits/herbaceous
Gaja;Pieve Santa Restituta Rennina Brunello di Montalcino ;4.5;90;129.9;Beef / Lamb / Game (deer, chamois);Italy;Brunello di Montalcino;Sangiovese;2015;47;58;11;herbaceous/wood/black berries
Tinazzi;A50 Amarone della Valpolicella ;4.5;37;64.99;Beef / Lamb / Game (deer, chamois);Italy;Amarone della Valpolicella;Miscela;2012;83;14;38;black berries
Gaja;Costa Russi (Barbaresco) Langhe ;4.6;115;450.0;Beef / Pasta / Lamb;Italy;Langhe;Nebbiolo;2004;62;67;12;herbaceous/wood/black berries
Gaja;Sorì Tildìn (Barbaresco) Langhe ;4.6;213;550.0;Beef / Pasta / Lamb;Italy;Langhe;Nebbiolo;2006;64;69;9;herbaceous/wood/red fruits
Italo Pietrantonj;Cerano Montepulciano d'Abruzzo Riserva ;4.2;59;10.25;Beef / Pasta / Veal;Italy;Montepulciano d'Abruzzo;Montepulciano;2014;38;41;5;wood/black berries/herbaceous
Bressan;Schioppettino ;4.4;210;49.9;Beef / Pasta / Lamb;Italy;Friuli Isonzo;Schioppettino;2015;64;43;14;spezie/wood/red fruits
Le Ragnaie;Brunello di Montalcino ;4.4;485;55.0;Beef / Lamb / Game (deer, chamois);Italy;Brunello di Montalcino;Sangiovese;2015;48;58;5;herbaceous/wood/red fruits
Nino Negri;5 Stelle Sfursat ;4.5;1452;90.0;Beef / Lamb / Game (deer, chamois);Italy;Valtellina;Nebbiolo;2013;66;76;16;wood/herbaceous/black berries
Lisini;Brunello di Montalcino Ugolaia ;4.5;226;87.99;Beef / Lamb / Game (deer, chamois);Italy;Brunello di Montalcino;Sangiovese;2013;50;57;10;herbaceous/wood/red fruits
Marchesi di Gresy;Barbaresco Martinenga ;4.3;48;55.65;Beef / Pasta / Lamb;Italy;Barbaresco;Nebbiolo;2018;61;69;4;herbaceous/red fruits/wood
Prunotto;Barolo ;4.2;2987;38.8;Beef / Pasta / Lamb;Italy;Barolo;Nebbiolo;2016;59;73;5;red fruits/herbaceous/wood
Il Colle;Come Se ;4.3;60;32.0;Beef / Pasta / Lamb;Italy;Grappa di Tuscany;Merlot;2004;60;40;16;spezie/wood/herbaceous
Tenute Silvio Nardi;Brunello di Montalcino Vigneto Manachiara ;4.3;234;80.0;Beef / Lamb / Game (deer, chamois);Italy;Brunello di Montalcino;Sangiovese;2012;50;60;12;wood/herbaceous/black berries
Albatreti;Brunello di Montalcino ;4.4;41;47.0;Beef / Lamb / Game (deer, chamois);Italy;Brunello di Montalcino;Sangiovese;2015;48;62;2;herbaceous/black berries/wood
San Giusto a Rentennano;La Ricolma ;4.3;28;248.0;Beef / Lamb / Veal;Italy;Tuscany;Merlot;2018;51;44;12;black berries/wood/herbaceous
Nicolis;Amarone della Valpolicella Classico ;4.3;218;45.2;Beef / Lamb / Game (deer, chamois);Italy;Amarone della Valpolicella Classico;Corvina;2013;85;23;48;wood/black berries/frutta secca
Montevertine;Le Pergole Torte ;4.6;690;390.0;Beef / Lamb / Veal;Italy;Tuscany;Sangiovese;2015;48;43;9;herbaceous/red fruits/wood
De Stefani;Stèfen 1624 ;4.3;38;75.0;Beef / Pasta / Lamb;Italy;Veneto;Marzemino;2016;66;43;33;wood/black berries/red fruits
Corino;Riserva Barolo ;4.3;25;228.2;Beef / Pasta / Lamb;Italy;Barolo;Nebbiolo;2013;58;81;0;frutta secca/herbaceous
Tenuta Ulisse;Amaranta Montepulciano d'Abruzzo ;4.3;1774;15.99;Beef / Pasta / Veal;Italy;Montepulciano d'Abruzzo;Montepulciano;2018;44;38;16;wood/black berries/red fruits
Villa Russiz;Graf de la Tour ;4.3;30;35.9;Beef / Pasta / Lamb;Italy;Collio;Merlot;2015;70;41;24;black berries/wood/red fruits
Tenuta di Trinoro;Toscana Rosso ;4.6;118;294.0;Beef / Lamb / Veal;Italy;Tuscany;Miscela;2001;56;44;20;black berries/wood/herbaceous
Borgo del Tiglio;Collio Rosso Riserva (Selezione) ;4.3;26;50.7;Beef / Pasta / Lamb;Italy;Collio;Miscela;2012;61;43;22;wood/spezie/red fruits
Capannelle;50 & 50 ;4.5;1001;108.0;Beef / Lamb / Veal;Italy;Tuscany;Miscela;2015;53;46;12;wood/black berries/herbaceous
Tenuta Sette Ponti;Vigna dell Impero Toscana ;4.4;67;99.0;Beef / Lamb / Veal;Italy;Tuscany;Sangiovese;2015;51;41;8;wood/red fruits/herbaceous
Petrolo;Galatrona ;4.3;67;229.0;Beef / Lamb / Veal;Italy;Tuscany;Merlot;2000;55;43;14;wood/black berries/herbaceous
Elio Altare;Barolo ;4.6;27;110.0;Beef / Pasta / Lamb;Italy;Barolo;Nebbiolo;1985;64;76;10;herbaceous/wood/red fruits
Vaona;Pegrandi Amarone della Valpolicella Classico ;4.3;314;143.0;Beef / Lamb / Game (deer, chamois);Italy;Amarone della Valpolicella Classico;Miscela;2013;85;23;53;wood/black berries/red fruits
Poggio Antico;Altero Brunello di Montalcino ;4.4;590;85.0;Beef / Lamb / Game (deer, chamois);Italy;Brunello di Montalcino;Sangiovese;2007;49;55;7;wood/herbaceous/red fruits
Luna Argenta;Appassite Negroamaro - Primitivo ;4.2;1101;11.7;Beef / Pasta / Lamb;Italy;Puglia;Miscela;2020;84;35;38;black berries/wood/red fruits
Antinori;Tignanello ;4.4;1068;232.88;Beef / Lamb / Veal;Italy;Tuscany;Miscela;2003;53;42;11;wood/black berries/herbaceous
Aneri;Amarone Stella ;4.6;66;135.0;Beef / Pasta / Veal;Italy;Amarone della Valpolicella Classico;Miscela;2010;49;33;30;wood/black berries/herbaceous
Feudi Bizantini;8 Limited Edition N.V.;4.3;215;25.49;Beef / Pasta / Veal;Italy;Abruzzo;Montepulciano;na;69;43;17;wood/black berries/red fruits
Graci;Arcurìa Sopra il Pozzo Etna Rosso ;4.4;27;291.7;Beef / Pasta / Lamb;Italy;Etna;Nerello Mascalese;2015;81;46;20;wood/herbaceous/black berries
Castello dei Rampolla;d'Alceo ;4.4;206;129.0;Beef / Lamb / Veal;Italy;Tuscany;Miscela;2007;52;45;18;wood/black berries/herbaceous
Castello di Ama;L'Apparita ;4.4;82;318.0;Beef / Lamb / Veal;Italy;Tuscany;Merlot;1997;53;43;13;wood/herbaceous/black berries
Palari;Faro ;4.3;49;43.8;Beef / Pasta / Lamb;Italy;Faro;Miscela;2014;75;44;22;herbaceous/wood/red fruits
Geografico;La Pevera Toscana ;4.3;149;25.99;Beef / Lamb / Veal;Italy;Tuscany;Miscela;2016;56;49;10;black berries/wood/herbaceous
Cantina di Montalcino;Brunello di Montalcino ;4.2;1787;33.0;Beef / Lamb / Game (deer, chamois);Italy;Brunello di Montalcino;Sangiovese;2015;50;57;8;wood/herbaceous/red fruits
Damilano;Barolo Riserva Cannubi 1752 ;4.6;136;177.0;Beef / Pasta / Lamb;Italy;Barolo;Nebbiolo;2008;65;72;10;herbaceous/red fruits/wood
Fontanafredda;Vigna La Rosa Barolo ;4.3;135;58.5;Beef / Pasta / Lamb;Italy;Barolo;Nebbiolo;2016;63;75;11;herbaceous/wood/red fruits
Piero Busso;Gallina Barbaresco ;4.7;26;71.3;Beef / Pasta / Lamb;Italy;Barbaresco;Nebbiolo;2017;57;66;9;red fruits/herbaceous/wood
Mascarello Giuseppe e Figlio;Barolo Santo Stefano di Perno ;4.3;37;125.0;Beef / Pasta / Lamb;Italy;Barolo;Nebbiolo;2015;58;75;9;red fruits/herbaceous/wood
Gianfranco Fino;Es Primitivo di Manduria ;4.5;1150;113.9;Beef / Pasta / Lamb;Italy;Primitivo di Manduria;Primitivo;2016;70;24;45;black berries/wood/red fruits
Sassetti Livio;Brunello di Montalcino ;4.4;354;79.0;Beef / Lamb / Game (deer, chamois);Italy;Brunello di Montalcino;Sangiovese;2016;48;57;6;herbaceous/wood/red fruits
Gaja;Sorì Tildìn (Barbaresco) Langhe ;4.6;197;479.0;Beef / Pasta / Lamb;Italy;Langhe;Nebbiolo;2013;64;69;9;herbaceous/wood/red fruits
Casanova di Neri;Tenuta Nuova Brunello di Montalcino ;4.5;562;105.0;Beef / Lamb / Game (deer, chamois);Italy;Brunello di Montalcino;Sangiovese;2016;52;57;13;wood/herbaceous/red fruits
Tenuta Sette Ponti;Oreno Toscana ;4.3;904;95.0;Beef / Lamb / Veal;Italy;Tuscany;Miscela;2016;55;46;11;wood/black berries/herbaceous
Verbena;Brunello di Montalcino ;4.4;641;30.3;Beef / Lamb / Game (deer, chamois);Italy;Brunello di Montalcino;Sangiovese;2015;48;55;7;wood/herbaceous/black berries
Musella;Amarone della Valpolicella Riserva ;4.4;774;53.5;Beef / Lamb / Game (deer, chamois);Italy;Amarone della Valpolicella;Miscela;2015;85;24;50;wood/frutta secca/black berries
Villabella;Villa Cordevigo Rosso ;4.5;48;23.86;Beef / Pasta / Lamb;Italy;Rosso Veronese;Miscela;2015;68;40;23;wood/black berries/herbaceous
Brunelli;Amarone della Valpolicella Classico ;4.5;45;41.3;Beef / Lamb / Game (deer, chamois);Italy;Amarone della Valpolicella Classico;Miscela;2019;85;22;49;wood/red fruits/black berries
Tenuta Sette Ponti;Oreno Toscana ;4.3;683;74.9;Beef / Lamb / Veal;Italy;Tuscany;Miscela;2017;55;46;11;wood/black berries/herbaceous
Giovanni Rosso;Barolo La Serra ;4.3;65;126.0;Beef / Pasta / Lamb;Italy;Barolo;Nebbiolo;2014;63;78;10;herbaceous/red fruits/wood
I Greppi;Greppicaia Bolgheri Superiore ;4.3;85;51.0;Beef / Pasta / Lamb;Italy;Bolgheri Superiore;Miscela;2017;67;63;9;wood/black berries/herbaceous
La Massa;Carla (6) Toscana ;4.3;81;76.0;Beef / Lamb / Veal;Italy;Tuscany;Sangiovese;2016;52;58;5;wood/black berries/herbaceous
Podere Brizio;Brunello di Montalcino ;4.3;170;41.8;Beef / Lamb / Game (deer, chamois);Italy;Brunello di Montalcino;Sangiovese;2016;50;58;6;wood/herbaceous/red fruits
Podere le Ripi;Lupi e Sirene Riserva ;4.6;175;94.5;Beef / Lamb / Game (deer, chamois);Italy;Brunello di Montalcino;Sangiovese;2015;50;59;9;herbaceous/wood/black berries
Argiano;Solengo ;4.3;293;66.0;Beef / Lamb / Veal;Italy;Tuscany;Cabernet Sauvignon;2018;55;44;11;wood/black berries/herbaceous
G.D. Vajra;Barolo Bricco Delle Viole ;4.4;205;170.0;Beef / Pasta / Lamb;Italy;Barolo;Nebbiolo;2016;61;78;5;herbaceous/red fruits/wood
Querciabella;Toscana Palafreno ;4.5;130;138.0;Beef / Lamb / Veal;Italy;Tuscany;Merlot;2012;54;49;7;black berries/wood/herbaceous
Tasca d'Almerita;Vigna San Francesco Cabernet Sauvignon ;4.3;216;37.5;Beef / Pasta / Lamb;Italy;Sicilia;Cabernet Sauvignon;2017;77;47;24;wood/black berries/spezie
Antinori;Tenuta Tignanello 'Solaia' ;4.7;599;450.0;Beef / Lamb / Veal;Italy;Tuscany;Miscela;2016;54;42;15;wood/black berries/herbaceous
Montresor;Capitel della Crosara Amarone della Valpolicella Classico ;4.3;120;43.25;Beef / Lamb / Game (deer, chamois);Italy;Amarone della Valpolicella Classico;Corvina;2014;85;25;51;wood/black berries/frutta secca
Mocavero;Montepetroso Primitivo di Manduria ;4.5;38;27.0;Beef / Pasta / Lamb;Italy;Primitivo di Manduria;Primitivo;2017;69;17;31;wood/red fruits
Oasi degli Angeli;Kupra Marche ;4.8;27;247.0;Beef / Pasta / Veal;Italy;Marche;Grenache;2017;59;48;19;wood/red fruits/herbaceous
Tenuta Corte Pavone;Brunello di Montalcino ;4.3;111;45.9;Beef / Lamb / Game (deer, chamois);Italy;Brunello di Montalcino;Sangiovese;2016;52;56;9;herbaceous/wood/red fruits
Tenuta dei Sette Cieli;Indaco ;4.3;91;91.6;Beef / Lamb / Veal;Italy;Tuscany;Miscela;2016;54;47;9;black berries/wood/herbaceous
Quintarelli Giuseppe;Veneto Rosso del Bepi ;4.5;615;139.0;Beef / Pasta / Lamb;Italy;Veneto;Corvina;2010;67;40;28;wood/red fruits/herbaceous
Antinori;Tignanello ;4.6;12673;185.0;Beef / Lamb / Veal;Italy;Tuscany;Miscela;2015;53;42;11;wood/black berries/herbaceous
Vietti;Barolo Castiglione ;4.2;1597;47.15;Beef / Pasta / Lamb;Italy;Barolo;Nebbiolo;2015;62;78;5;herbaceous/red fruits/wood
Donnafugata;Mille E Una Notte ;4.4;2255;130.0;Beef / Pasta / Lamb;Italy;Contessa Entellina;Nero d'Avola;2016;82;45;27;wood/black berries/herbaceous
Castello del Terriccio;Castello del Terriccio ;4.3;102;70.0;Beef / Lamb / Veal;Italy;Tuscany;Shiraz/Syrah;2003;55;48;14;wood/herbaceous/black berries
Schola Sarmenti;Nerìo Riserva Negroamaro - Malvasia Nera ;4.4;40;13.7;Beef / Pasta / Lamb;Italy;NardÃ²;Miscela;2018;84;41;35;wood/black berries/red fruits
Le Novelire;Re Ludio Rosso ;4.3;58;28.3;Beef / Pasta / Lamb;Italy;Bolgheri;Miscela;2017;59;65;21;spezie/wood/black berries
Andrea Oberto;Barolo ;4.4;48;27.9;Beef / Pasta / Lamb;Italy;Barolo;Nebbiolo;2017;63;79;3;herbaceous/red fruits/wood
Tua Rita;Redigaffi Toscana ;4.5;318;290.0;Beef / Lamb / Veal;Italy;Tuscany;Merlot;2007;55;43;18;wood/black berries/herbaceous
Giodo;Brunello di Montalcino ;4.5;182;170.0;Beef / Lamb / Game (deer, chamois);Italy;Brunello di Montalcino;Sangiovese;2012;51;56;6;wood/red fruits/herbaceous
Roccheviberti;Rocche di Castiglione Barolo ;4.3;98;55.0;Beef / Pasta / Lamb;Italy;Barolo;Nebbiolo;2016;63;77;2;red fruits/herbaceous/wood
Antinori;Tenuta Guado al Tasso Bolgheri Superiore ;4.4;720;195.0;Beef / Pasta / Lamb;Italy;Bolgheri Superiore;Miscela;1999;66;64;11;wood/black berries/herbaceous
Nino Negri;5 Stelle Sfursat ;4.5;409;61.0;Beef / Lamb / Game (deer, chamois);Italy;Valtellina;Nebbiolo;2017;66;76;16;wood/herbaceous/black berries
Ornellaia;Bolgheri Superiore ;4.6;3238;393.0;Beef / Pasta / Lamb;Italy;Bolgheri Superiore;Miscela;2012;65;65;13;wood/black berries/herbaceous
Zenato;Amarone della Valpolicella Classico ;4.5;4705;49.0;Beef / Lamb / Game (deer, chamois);Italy;Amarone della Valpolicella Classico;Corvina;2016;85;24;51;wood/black berries/frutta secca
Le Ragnaie;Brunello di Montalcino ;4.3;285;85.0;Beef / Lamb / Game (deer, chamois);Italy;Brunello di Montalcino;Sangiovese;2016;48;58;5;herbaceous/wood/red fruits
Santi;Amarone della Valpolicella Proemio ;4.3;131;39.8;Beef / Lamb / Game (deer, chamois);Italy;Amarone della Valpolicella;Miscela;2013;84;26;47;wood/black berries/herbaceous
Produttori del Barbaresco;Barbaresco Riserva Ovello ;4.4;136;93.0;Beef / Pasta / Lamb;Italy;Barbaresco;Nebbiolo;2016;62;70;5;herbaceous/red fruits/wood
Poggio San Polo;Brunello di Montalcino ;4.2;1260;39.0;Beef / Lamb / Game (deer, chamois);Italy;Brunello di Montalcino;Sangiovese;2012;48;55;7;wood/red fruits/herbaceous
Reguta;Carant ;4.4;42;14.3;Beef / Pasta / Lamb;Italy;Friuli;Miscela;2018;65;45;22;wood/black berries/spezie
Talenti;Brunello di Montalcino ;4.4;30;42.9;Beef / Lamb / Game (deer, chamois);Italy;Brunello di Montalcino;Sangiovese;2017;48;57;5;herbaceous/wood/red fruits
Maccone;Rosso 17° ;4.3;60;19.75;Beef / Pasta / Lamb;Italy;Puglia;Primitivo;2017;74;22;39;red fruits/wood/black berries
Tenuta Sant'Antonio;Campo dei Gigli Amarone della Valpolicella ;4.3;109;47.0;Beef / Lamb / Game (deer, chamois);Italy;Amarone della Valpolicella;Miscela;2016;85;27;48;wood/black berries/herbaceous
Monteraponi;Baron' Ugo Toscana Rosso ;4.4;110;67.7;Beef / Lamb / Veal;Italy;Tuscany;Sangiovese;2015;51;52;2;herbaceous/red fruits/wood
Tenuta CastelGiocondo;Ripe al Convento Brunello di Montalcino Riserva ;4.3;94;71.37;Beef / Lamb / Game (deer, chamois);Italy;Brunello di Montalcino;Sangiovese;2000;52;58;12;wood/herbaceous/black berries
Elena Walch;Lagrein Riserva Vigna Castel Ringberg ;4.3;195;37.9;Beef / Pasta / Lamb;Italy;SÃ¼dtirol - Alto Adige;Lagrein;2016;63;45;18;wood/black berries/herbaceous
Oddero;Barolo Vigna Rionda ;4.4;32;97.0;Beef / Pasta / Lamb;Italy;Barolo;Nebbiolo;2005;61;69;5;herbaceous/wood/black berries
Domini Veneti;Collezione Pruviniano Amarone della Valpolicella Classico ;4.4;102;31.85;Beef / Lamb / Game (deer, chamois);Italy;Amarone della Valpolicella Classico;Miscela;2017;83;30;43;black berries/wood/herbaceous
Pio Cesare;Barbaresco ;4.3;170;55.0;Beef / Pasta / Lamb;Italy;Barbaresco;Nebbiolo;2017;60;68;6;wood/herbaceous/red fruits
Gaja;Sperss Barolo ;4.4;517;410.0;Beef / Pasta / Lamb;Italy;Barolo;Nebbiolo;2013;64;77;8;herbaceous/wood/black berries
Velenosi;Ludi ;4.3;289;50.0;Beef / Pasta / Veal;Italy;Offida;Miscela;2016;56;41;16;black berries/wood/herbaceous
Bertani;Amarone della Valpolicella Classico ;4.6;37;427.0;Beef / Lamb / Game (deer, chamois);Italy;Amarone della Valpolicella Classico;Corvina;1959;83;26;45;wood/frutta secca/herbaceous
Duemani;Suisassi Syrah ;4.5;47;119.0;Beef / Lamb / Veal;Italy;Costa Tuscany;Shiraz/Syrah;2017;56;46;10;wood/black berries/spezie
Asinara;Hassan ;4.4;50;33.73;Beef / Pasta / Lamb;Italy;Isola dei Nuraghi;Miscela;2016;78;49;20;wood/black berries/herbaceous
Tolaini;Tenuta Montebello Picconero ;4.4;417;62.5;Beef / Lamb / Veal;Italy;Tuscany;Miscela;2010;56;45;12;wood/black berries/herbaceous
Cantele;Fanòi Negroamaro ;4.5;29;32.9;Beef / Pasta / Lamb;Italy;Salento;Negroamaro;2015;80;38;25;black berries
Sandrone;Barolo Aleste ;4.3;185;135.0;Beef / Pasta / Lamb;Italy;Barolo;Nebbiolo;2014;65;84;3;herbaceous/red fruits/wood
Donatella Cinelli Colombini;Brunello di Montalcino Riserva (Casato Prime Donne) ;4.6;71;85.0;Beef / Lamb / Game (deer, chamois);Italy;Brunello di Montalcino;Sangiovese;2006;52;59;7;wood/herbaceous/red fruits
Gaja;Barbaresco ;4.7;734;400.0;Beef / Pasta / Lamb;Italy;Barbaresco;Nebbiolo;2001;60;68;8;herbaceous/wood/red fruits
La Rasina;Brunello di Montalcino ;4.4;331;39.78;Beef / Lamb / Game (deer, chamois);Italy;Brunello di Montalcino;Sangiovese;2016;52;58;5;herbaceous/wood/black berries
Torre Zambra;Riserva Colle Maggio Montepulciano d'Abruzzo ;4.3;29;15.9;Beef / Pasta / Veal;Italy;Montepulciano d'Abruzzo;Montepulciano;2016;33;49;12;wood/red fruits/herbaceous
Biondi-Santi;Brunello di Montalcino Riserva ;4.6;93;717.0;Beef / Lamb / Game (deer, chamois);Italy;Brunello di Montalcino;Sangiovese;1999;46;57;10;herbaceous/wood/red fruits
Vietti;Barolo Lazzarito ;4.4;117;150.0;Beef / Pasta / Lamb;Italy;Barolo;Nebbiolo;2014;61;77;7;herbaceous/wood/red fruits
Gualdo del Re;I'Rennero ;4.3;74;63.55;Beef / Lamb / Veal;Italy;Val di Cornia;Merlot;2011;50;35;10;wood/black berries/herbaceous
Oddero;Barolo Rocche di Castiglione ;4.4;33;71.7;Beef / Pasta / Lamb;Italy;Barolo;Nebbiolo;2017;61;80;2;herbaceous/wood/red fruits
Castello dei Rampolla;d'Alceo ;4.5;140;170.0;Beef / Lamb / Veal;Italy;Tuscany;Cabernet Sauvignon;2001;52;45;18;wood/black berries/herbaceous
Poliziano;Asinone Vino Nobile di Montepulciano ;4.3;264;43.25;Beef / Game (deer, chamois) / Poultry;Italy;Vino Nobile di Montepulciano;Sangiovese;2018;56;60;8;wood/herbaceous/black berries
Ornellaia;Bolgheri Superiore ;4.6;1176;199.0;Beef / Pasta / Lamb;Italy;Bolgheri Superiore;Miscela;2017;65;65;13;wood/black berries/herbaceous
Tua Rita;Redigaffi Toscana ;4.6;501;338.44;Beef / Lamb / Veal;Italy;Tuscany;Merlot;2015;55;43;18;wood/black berries/herbaceous
Tommasi;Amarone della Valpolicella Classico ;4.4;6622;69.0;Beef / Lamb / Game (deer, chamois);Italy;Amarone della Valpolicella Classico;Corvina;2010;85;23;49;wood/black berries/red fruits
Boscarelli;Vino Nobile di Montepulciano Il Nocio ;4.3;145;79.2;Beef / Game (deer, chamois) / Poultry;Italy;Vino Nobile di Montepulciano;Sangiovese;2015;57;59;11;wood/red fruits/herbaceous
Gaja;Costa Russi (Barbaresco) Langhe ;4.5;139;427.5;Beef / Pasta / Lamb;Italy;Langhe;Nebbiolo;2013;62;67;12;herbaceous/wood/black berries
Tenuta dei Sette Cieli;Scipio ;4.4;28;55.24;Beef / Lamb / Veal;Italy;Tuscany;Cabernet Franc;2016;53;44;6;black berries/wood/herbaceous
Avignonesi;El Grasso Vino Nobile di Montepulciano ;4.3;30;43.0;Beef / Game (deer, chamois) / Poultry;Italy;Vino Nobile di Montepulciano;Sangiovese;2016;57;64;6;red fruits/wood/spezie
Conterno Fantino;Barolo Ginestra Vigna del Gris ;4.3;39;92.0;Beef / Pasta / Lamb;Italy;Barolo;Nebbiolo;2017;64;78;6;herbaceous/wood/black berries
Rocche dei Manzoni;Vigna Madonna Assunta La Villa Barolo Riserva ;4.5;141;230.0;Beef / Pasta / Lamb;Italy;Barolo;Nebbiolo;1999;66;72;9;herbaceous/wood/red fruits
Recchia;Cà Bertoldi Amarone della Valpolicella Classico ;4.4;321;42.3;Beef / Lamb / Game (deer, chamois);Italy;Amarone della Valpolicella Classico;Miscela;2012;85;20;46;wood/black berries/red fruits
Castello dei Rampolla;d'Alceo ;4.6;122;149.0;Beef / Lamb / Veal;Italy;Tuscany;Miscela;1998;52;45;18;wood/black berries/herbaceous
Salicutti;Sorgente Brunello di Montalcino ;4.4;39;88.0;Beef / Lamb / Game (deer, chamois);Italy;Brunello di Montalcino;Sangiovese;2015;43;61;0;black berries/wood/herbaceous
Passopisciaro;Franchetti ;4.3;237;93.48;Beef / Pasta / Lamb;Italy;Terre Siciliane;Petit Verdot;2017;83;48;28;herbaceous/black berries/wood
Giuseppe Rinaldi;Brunate Barolo ;4.5;102;495.0;Beef / Pasta / Lamb;Italy;Barolo;Nebbiolo;2011;60;75;14;herbaceous/red fruits/wood
Bertani;Amarone della Valpolicella Classico ;4.4;572;170.0;Beef / Lamb / Game (deer, chamois);Italy;Amarone della Valpolicella Classico;Miscela;2001;83;26;45;wood/frutta secca/herbaceous
Antinori;Pian delle Vigne Vignaferrovia Brunello di Montalcino Riserva ;4.3;119;98.5;Beef / Lamb / Game (deer, chamois);Italy;Brunello di Montalcino;Sangiovese;2015;51;56;10;herbaceous/wood/red fruits
Palladino;Barolo Parafada ;4.4;97;48.0;Beef / Pasta / Lamb;Italy;Barolo;Nebbiolo;2016;65;76;11;herbaceous/red fruits/wood
Comm. G.B. Burlotto;Barolo ;4.3;50;95.0;Beef / Pasta / Lamb;Italy;Barolo;Nebbiolo;2017;59;77;5;red fruits/herbaceous/wood
Villanoviana;Sant'Uberto Bolgheri Superiore ;4.3;93;36.99;Beef / Pasta / Lamb;Italy;Bolgheri Superiore;Miscela;2017;69;63;15;black berries/wood/spezie
Poliziano;Asinone Vino Nobile di Montepulciano ;4.3;267;44.8;Beef / Game (deer, chamois) / Poultry;Italy;Vino Nobile di Montepulciano;Sangiovese;2017;56;60;8;wood/herbaceous/black berries
Tua Rita;Syrah Toscana ;4.5;52;152.0;Beef / Lamb / Veal;Italy;Tuscany;Shiraz/Syrah;2006;57;40;15;black berries/wood/spezie
Riecine;Chianti Classico ;4.3;56;29.0;Beef / Veal / Poultry;Italy;Chianti Classico;Sangiovese;2006;43;55;7;red fruits/wood/herbaceous
Antinori;Tenuta Tignanello 'Solaia' ;4.7;2116;450.0;Beef / Lamb / Veal;Italy;Tuscany;Miscela;2015;54;42;15;wood/black berries/herbaceous
Aldrovandi;Bolgheri Superiore ;4.3;44;45.0;Beef / Pasta / Lamb;Italy;Bolgheri Superiore;Cabernet Franc;2016;69;76;0;
Aldo Conterno;Barolo Bussia Colonnello ;4.4;94;116.0;Beef / Pasta / Lamb;Italy;Barolo;Nebbiolo;2015;64;79;10;herbaceous/red fruits/wood
Tenuta San Guido;Sassicaia ;4.6;2828;470.0;Beef / Pasta / Lamb;Italy;Bolgheri Sassicaia;Miscela;2004;62;64;10;wood/black berries/herbaceous
Cerbaiona;Brunello di Montalcino ;4.4;44;153.0;Beef / Lamb / Game (deer, chamois);Italy;Brunello di Montalcino;Sangiovese;2016;46;58;15;herbaceous/wood/red fruits
Valentini;Montepulciano d'Abruzzo ;4.3;210;309.0;Beef / Pasta / Veal;Italy;Montepulciano d'Abruzzo;Montepulciano;2012;39;42;16;herbaceous/wood/black berries
Gaja;Sorì Tildìn (Barbaresco) Langhe ;4.6;127;499.0;Beef / Pasta / Lamb;Italy;Langhe;Miscela;2005;64;69;9;herbaceous/wood/red fruits
Giuseppe Rinaldi;Brunate Barolo ;4.6;96;598.0;Beef / Pasta / Lamb;Italy;Barolo;Nebbiolo;2013;60;75;14;herbaceous/red fruits/wood
Vicchiomaggio;Le Bolle Gran Selezione Chianti Classico ;4.3;72;85.0;Beef / Veal / Poultry;Italy;Chianti Classico;Sangiovese;2016;54;60;13;wood/red fruits/herbaceous
La Braccesca;Bramasole Syrah ;4.3;268;38.4;Beef / Lamb / Veal;Italy;Cortona;Shiraz/Syrah;2017;56;39;16;wood/black berries/spezie
Santadi;Terre Brune Superiore Carignano del Sulcis ;4.2;1264;44.8;Beef / Pasta / Lamb;Italy;Carignano del Sulcis;Bovaleddu;2015;82;44;30;wood/black berries/herbaceous
Giodo;Brunello di Montalcino ;4.5;120;318.0;Beef / Lamb / Game (deer, chamois);Italy;Brunello di Montalcino;Sangiovese;2011;51;56;6;wood/red fruits/herbaceous
Pian dell'Orino;Bassolino di Sopra Brunello di Montalcino ;4.5;28;376.0;Beef / Lamb / Game (deer, chamois);Italy;Brunello di Montalcino;Sangiovese;2007;36;60;8;herbaceous/wood/black berries
Fattoria San Lorenzo;Il Solleone ;4.4;75;28.4;Beef / Pasta / Veal;Italy;Marche;Montepulciano;2013;58;48;14;black berries/wood/herbaceous
Tua Rita;Redigaffi Toscana ;4.6;98;635.0;Beef / Lamb / Veal;Italy;Tuscany;Merlot;2000;55;43;18;wood/black berries/herbaceous
Capannelle;50 & 50 ;4.4;39;98.0;Beef / Lamb / Veal;Italy;Tuscany;Miscela;2017;53;46;12;wood/black berries/herbaceous
Ceretto;Barolo Brunate ;4.4;97;155.0;Beef / Pasta / Lamb;Italy;Barolo;Nebbiolo;2016;61;77;9;herbaceous/wood/red fruits
Casanova di Neri;Tenuta Nuova Brunello di Montalcino ;4.5;2139;129.0;Beef / Lamb / Game (deer, chamois);Italy;Brunello di Montalcino;Sangiovese;2013;52;57;13;wood/herbaceous/red fruits
Poggio San Polo;Brunello di Montalcino ;4.3;659;49.9;Beef / Lamb / Game (deer, chamois);Italy;Brunello di Montalcino;Sangiovese;2015;48;55;7;wood/red fruits/herbaceous
Casanova di Neri;Tenuta Nuova Brunello di Montalcino ;4.6;1996;395.0;Beef / Lamb / Game (deer, chamois);Italy;Brunello di Montalcino;Sangiovese;2010;52;57;13;wood/herbaceous/red fruits
Tagaro;Piè del Monaco Primitivo ;4.4;48;24.0;Beef / Pasta / Lamb;Italy;Valle d'Itria;Primitivo;2017;73;23;48;black berries/wood/spezie
Tenuta San Guido;Sassicaia ;4.5;223;666.0;Beef / Pasta / Lamb;Italy;Bolgheri Sassicaia;Sangiovese;1987;62;64;10;wood/black berries/herbaceous
Vigneti Massa;Bigolla ;4.4;110;50.13;Pasta / Veal / Pork;Italy;Colli Tortonesi;Barbera;2004;58;33;19;herbaceous/black berries/wood
Capanna;Brunello di Montalcino Riserva ;4.5;76;93.0;Beef / Lamb / Game (deer, chamois);Italy;Brunello di Montalcino;Sangiovese;2013;52;60;5;wood/red fruits/herbaceous
Nicolis;Ambrosan Amarone della Valpolicella Classico ;4.4;114;53.0;Beef / Lamb / Game (deer, chamois);Italy;Amarone della Valpolicella Classico;Corvina;2011;85;28;50;wood/black berries/frutta secca
Villa Annaberta;Amarone della Valpolicella ;4.4;75;26.6;Beef / Lamb / Game (deer, chamois);Italy;Amarone della Valpolicella;Miscela;2019;84;22;51;wood/black berries/red fruits
Tenuta Ulisse;Limited Edition 10 Vendemmie N.V.;4.5;7129;24.6;Beef / Pasta / Veal;Italy;Montepulciano d'Abruzzo;Montepulciano;na;51;37;20;wood/black berries/herbaceous
Donna Olimpia;Millepassi Bolgheri Superiore ;4.3;135;41.89;Beef / Pasta / Lamb;Italy;Bolgheri Superiore;Cabernet Sauvignon;2017;66;65;11;wood/black berries/herbaceous
Vigneti Massa;Bigolla ;4.4;79;58.48;Pasta / Veal / Pork;Italy;Colli Tortonesi;Barbera;2005;58;33;19;herbaceous/black berries/wood
Benedetti;Amarone della Valpolicella Classico ;4.3;136;77.4;Beef / Lamb / Game (deer, chamois);Italy;Amarone della Valpolicella Classico;Miscela;2015;80;31;47;wood/black berries/red fruits
Michele Chiarlo;Barolo Cerequio ;4.3;425;96.0;Beef / Pasta / Lamb;Italy;Barolo;Nebbiolo;2013;63;77;9;herbaceous/wood/red fruits
Tenuta Hortense;Fratini Bolgheri Superiore ;4.7;47;235.0;Beef / Pasta / Lamb;Italy;Bolgheri Superiore;Miscela;2013;69;62;3;wood/red fruits/black berries
Roccolo Grassi;Amarone della Valpolicella ;4.3;68;75.9;Beef / Lamb / Game (deer, chamois);Italy;Amarone della Valpolicella;Miscela;2016;85;27;51;wood/black berries/frutta secca
Tenuta Argentiera;Bolgheri Superiore ;4.5;384;66.8;Beef / Pasta / Lamb;Italy;Bolgheri Superiore;Miscela;2018;66;66;8;wood/black berries/herbaceous
Vigne di San Donaci;Giunonico Primitivo di Manduria Riserva ;4.4;84;28.9;Beef / Pasta / Lamb;Italy;Primitivo di Manduria;Primitivo;2015;72;24;41;wood/black berries/herbaceous
Ornellaia;Bolgheri Superiore ;4.6;1860;427.0;Beef / Pasta / Lamb;Italy;Bolgheri Superiore;Miscela;2016;65;65;13;wood/black berries/herbaceous
E. Pira & Figli;Via Nuova Barolo ;4.4;94;265.0;Beef / Pasta / Lamb;Italy;Barolo;Nebbiolo;2016;64;83;5;herbaceous/red fruits/wood
Conterno Fantino;Barolo Mosconi Vigna Ped ;4.3;96;67.3;Beef / Pasta / Lamb;Italy;Barolo;Nebbiolo;2015;62;82;3;herbaceous/wood/black berries
Biondi-Santi;Brunello di Montalcino ;4.4;823;179.0;Beef / Lamb / Game (deer, chamois);Italy;Brunello di Montalcino;Sangiovese;2011;47;58;8;herbaceous/wood/red fruits
Massimago;Amarone della Valpolicella ;4.4;135;47.0;Beef / Lamb / Game (deer, chamois);Italy;Amarone della Valpolicella;Miscela;2015;83;24;50;wood/red fruits/herbaceous
Vigneti Massa;Bigolla ;4.3;47;44.5;Pasta / Veal / Pork;Italy;Colli Tortonesi;Barbera;2009;58;33;19;herbaceous/black berries/wood
Casa Raia;Brunello di Montalcino ;4.4;28;73.0;Beef / Lamb / Game (deer, chamois);Italy;Brunello di Montalcino;Sangiovese;2015;45;60;11;herbaceous/wood/red fruits
Giuseppe Rinaldi;Brunate Barolo ;4.4;103;359.0;Beef / Pasta / Lamb;Italy;Barolo;Nebbiolo;2014;60;75;14;herbaceous/red fruits/wood
Maccone;Rosso 17° ;4.3;39;18.29;Beef / Pasta / Lamb;Italy;Puglia;Primitivo;2019;74;22;39;red fruits/wood/black berries
